20 1.2649 0.5000 19.0000 1.0000
24 1.0610 0.8750 3.0000 0.7150
12 1.0971 0.6364 5.0000 0.8095
72 1.0934 0.6620 24.0000 0.6443
26 1.1416 0.4231 13.0000 0.7574
20 1.0876 0.4211 10.0000 0.6626
63 1.1249 0.7143 17.0000 0.7471
20 1.2507 0.3158 12.0000 0.1938
76 1.2784 0.5789 31.0000 0.6124
62 1.1020 0.7742 14.0000 0.7250
16 1.1296 0.7500 4.0000 0.8589
74 1.1300 0.6301 23.0000 0.3542
77 1.1845 0.6169 28.0000 0.5820
71 1.1487 0.5211 28.0000 0.4444
26 1.0975 0.7308 7.0000 0.6267
21 1.1513 0.5714 8.0000 0.9332
122 1.1198 0.6885 38.0000 0.7853
23 1.1991 0.4545 12.0000 1.0000
18 1.3996 0.2353 10.0000 0.3387
91 1.1224 0.4945 39.5000 0.7649
92 1.1271 0.5385 37.0000 0.8813
40 1.1664 0.3500 22.0000 0.2844
40 1.0813 0.6667 14.0000 0.5777
29 1.1909 0.2759 18.0000 0.8629
41 1.1040 0.6154 16.0000 0.4076
22 1.2457 0.2727 16.0000 0.9006
22 1.2967 0.3636 14.0000 0.9006
12 1.3315 0.4167 6.0000 0.3234
16 1.3346 0.3333 8.0000 0.8903
34 1.2496 0.4062 18.0000 0.8178
49 1.0629 0.8776 6.0000 0.8468
47 1.1427 0.4894 21.0000 0.7860
74 1.1185 0.5890 28.0000 0.4921
49 1.2202 0.6224 18.5000 0.8878
61 1.0946 0.6393 22.0000 0.8837
73 1.1697 0.6027 28.0000 0.3089
70 1.0867 0.6957 21.0000 0.4105
72 1.1206 0.6972 21.5000 0.5808
46 1.1164 0.3913 21.0000 0.6425
122 1.1019 0.6446 44.0000 0.5987
13 1.1403 0.5833 6.0000 0.2703
21 1.3051 0.3810 11.0000 0.8703
38 1.1121 0.6579 13.0000 0.9543
16 1.1002 0.0000 12.0000 0.8044
16 1.3348 0.5000 8.0000 0.8589
24 1.1993 0.7727 6.0000 0.7680
14 1.5124 0.5833 5.0000 0.3234
26 1.0830 0.4800 11.0000 0.8646
298 1.1300 0.5308 125.5000 0.5153
19 1.2948 0.4444 10.0000 0.8269
11 1.7109 0.3000 7.0000 0.6857
12 1.3481 0.2727 8.0000 0.6983
14 1.1627 0.7143 4.0000 0.3315
11 1.7285 0.3000 7.5000 1.0000
12 1.1316 0.8182 3.0000 0.3772
11 1.2881 0.6000 5.0000 0.3705
13 1.0768 0.5000 7.0000 0.3823
13 1.0981 0.5000 7.0000 0.3823
33 1.0700 0.8788 4.0000 0.9241
34 1.0892 0.8824 4.0000 0.9357
15 1.2737 0.6923 6.0000 0.8889
16 1.2579 0.3571 8.0000 0.9079
15 1.2052 0.3571 6.0000 0.9079
44 1.1115 0.7857 11.0000 0.8745
16 1.2961 0.6875 5.0000 0.8589
36 1.2732 0.4688 18.0000 0.8777
37 1.2863 0.3636 20.0000 0.6321
13 1.9759 0.5000 7.0000 0.2513
61 1.1672 0.5439 29.0000 0.8436
36 1.0485 0.6389 13.0000 0.9600
22 1.2121 0.4000 13.0000 0.8921
23 1.2520 0.4762 12.0000 0.9108
13 1.0779 0.6667 5.0000 0.8106
11 1.1263 0.4000 6.0000 1.0000
44 1.1681 0.5000 19.0000 0.7363
14 1.6226 0.2857 8.0000 0.7053
24 1.2696 0.4091 12.0000 0.8707
26 1.1645 0.2500 16.0000 0.9470
14 1.0522 0.5000 8.0000 0.8878
48 1.1402 0.5000 20.5000 0.9133
46 1.1930 0.4783 22.5000 0.8304
14 1.2739 0.8333 4.0000 0.1996
14 1.2409 0.5833 7.0000 0.8878
20 1.1247 0.6111 9.0000 1.0000
18 1.1616 0.4118 11.0000 0.8651
33 1.1006 0.7879 6.0000 0.9241
34 1.1256 0.8529 5.0000 0.9242
34 1.1225 0.7353 8.0000 0.9242
34 1.0872 0.9118 3.0000 0.9599
34 1.0541 0.9118 3.0000 0.9599
33 1.0864 0.9091 3.0000 0.9241
34 1.0821 0.7941 7.0000 0.9242
33 1.0621 0.9091 3.0000 0.9599
34 1.0962 0.8235 6.0000 0.9599
16 1.1940 0.1667 11.0000 0.8597
23 1.1264 0.7000 8.0000 0.2347
20 1.3792 0.4737 9.0000 0.8107
46 1.2185 0.2826 28.0000 0.9525
20 1.1881 0.4000 9.0000 0.8898
15 1.2671 0.6429 5.0000 0.4846
16 1.2977 0.5000 6.5000 0.9086
29 1.2827 0.4656 15.5000 0.9523
18 1.2813 0.7222 5.0000 0.9559
16 1.5996 0.3333 9.5000 0.3917
215 1.1202 0.4882 94.0000 0.7476
122 1.1399 0.5410 54.0000 0.7610
26 1.0267 0.8400 5.0000 0.8125
65 1.1072 0.5781 25.0000 0.8988
16 1.2699 0.4286 8.0000 0.9079
11 1.6559 0.5000 5.0000 1.0000
23 1.1110 0.5652 10.0000 0.7686
33 1.1117 0.6000 11.0000 0.7534
32 1.0892 0.5517 12.0000 0.8145
60 1.1891 0.5965 25.0000 0.8402
11 1.7694 0.3181 7.0000 1.0000
44 1.2213 0.2955 27.0000 0.9620
119 1.1258 0.6525 41.0000 0.3411
117 1.1132 0.8034 23.0000 0.7014
20 1.2399 0.5789 9.0000 1.0000
57 1.2696 0.4912 28.0000 0.5846
74 1.2735 0.4054 33.0000 0.4382
118 1.1260 0.6356 42.0000 0.7533
117 1.1228 0.7436 29.0000 0.3714
85 1.2320 0.5059 36.0000 0.1345
119 1.1673 0.4118 61.0000 0.6740
118 1.1486 0.4153 60.0000 0.7196
30 1.1404 0.4444 14.0000 1.0000
42 1.1795 0.6500 13.0000 0.5573
58 1.1239 0.5000 26.0000 0.8404
11 1.1408 0.2222 9.0000 1.0000
74 1.1463 0.3919 39.0000 0.8652
72 1.2432 0.3088 39.0000 0.8413
70 1.1976 0.4118 34.0000 0.9061
70 1.2283 0.4545 36.0000 0.8712
72 1.2149 0.3529 38.0000 0.8678
70 1.1727 0.4571 37.0000 0.9277
35 1.0984 0.6857 11.0000 0.9600
34 1.1322 0.5294 16.0000 0.9380
32 1.1392 0.5806 9.0000 0.9119
12 1.2222 0.1818 9.0000 1.0000
14 1.2497 0.6923 5.0000 0.8063
20 1.2960 0.2778 12.0000 0.1926
14 1.2115 0.2500 10.0000 0.1867
26 1.0154 1.0000 1.0000 0.2493
36 1.1359 0.7143 11.0000 0.8538
38 1.2427 0.4737 16.0000 0.9346
22 1.2846 0.2273 13.0000 0.8416
11 1.4390 0.1500 8.0000 1.0000
11 1.4606 0.2727 8.0000 0.4749
12 1.4307 0.3636 7.0000 0.8865
16 1.2235 0.2143 9.0000 0.2615
32 1.1536 0.4333 13.0000 0.7777
16 1.1464 0.1667 9.0000 0.3234
16 1.3806 0.5000 8.0000 0.2287
28 1.1658 0.6154 9.0000 0.9560
14 1.2797 0.5000 7.0000 0.8878
27 1.2233 0.7407 7.0000 1.0000
21 1.2042 0.6842 7.0000 0.7012
115 1.1098 0.7565 26.0000 0.6829
28 1.2512 0.6429 9.0000 0.9234
14 2.1917 0.0000 13.0000 1.0000
16 1.3981 0.4167 8.0000 0.3823
38 1.1811 0.5526 15.0000 0.9125
51 1.1227 0.5490 20.0000 0.8298
52 1.1700 0.6346 19.0000 0.3432
14 1.4905 0.3077 7.0000 1.0000
13 1.3726 0.3636 8.0000 0.7610
16 2.1562 0.4375 7.0000 1.0000
35 1.1756 0.0286 34.0000 0.2873
16 1.7633 0.2000 10.0000 1.0000
16 1.1916 0.4286 7.0000 0.6959
67 1.2689 0.2923 37.0000 0.8966
33 1.2969 0.2878 18.5000 0.9241
36 1.2308 0.5000 18.0000 0.8947
36 1.2861 0.3611 20.0000 0.9318
31 1.3448 0.3226 17.0000 0.8536
32 1.2195 0.1875 19.0000 0.7957
35 1.3815 0.3857 20.0000 0.7076
34 1.2138 0.2941 17.0000 0.9652
33 1.2662 0.2424 20.0000 0.7801
11 1.4594 0.1000 10.0000 1.0000
20 1.1568 0.2000 11.0000 0.8282
19 1.1541 0.2105 10.0000 0.8276
18 1.4254 0.1111 15.0000 0.2131
63 1.0489 0.6984 17.0000 0.7513
12 1.7279 0.6364 4.0000 1.0000
12 1.9148 0.5000 6.0000 0.3386
34 1.1507 0.4118 18.0000 0.8921
13 1.5066 0.4615 6.0000 1.0000
21 1.2174 0.5500 10.0000 0.8615
20 1.1508 0.7500 5.0000 0.8102
46 1.0728 0.8409 9.0000 0.9162
74 1.0999 0.5270 34.0000 0.9228
71 1.1153 0.5775 29.0000 0.9716
69 1.1004 0.5652 30.0000 0.9186
46 1.2047 0.5000 22.0000 0.7113
47 1.2259 0.4043 25.0000 0.5832
11 1.3241 0.5000 6.0000 1.0000
38 1.2163 0.4737 19.0000 0.9446
70 1.1005 0.6176 26.0000 0.6820
13 1.1842 0.3636 8.0000 0.8585
14 1.1108 0.6429 5.0000 0.7173
108 1.1659 0.5370 45.0000 0.6266
119 1.0919 0.6471 40.0000 0.3675
117 1.0902 0.6923 35.0000 0.7880
17 1.1112 0.8235 3.0000 0.8267
120 1.1269 0.6639 38.0000 0.7765
118 1.2111 0.4577 57.0000 0.6684
120 1.1279 0.6723 38.0000 0.1881
121 1.1009 0.5833 44.5000 0.7507
118 1.1393 0.6581 38.0000 0.6287
35 1.1572 0.3939 21.0000 0.4453
34 1.2495 0.4545 17.0000 0.6981
120 1.0768 0.7000 36.0000 0.8614
120 1.1170 0.5667 47.0000 0.8212
30 1.1323 0.4444 16.0000 0.8794
28 1.0995 0.4231 16.0000 0.8329
26 1.1591 0.5417 12.0000 0.7691
74 1.0994 0.6283 24.0000 0.7502
122 1.1159 0.6762 39.5000 0.7292
14 1.2433 0.0000 12.0000 0.8878
14 1.2001 0.1667 10.0000 0.8878
14 1.1798 0.0833 12.0000 0.8878
68 1.0969 0.5000 32.0000 0.7629
73 1.1320 0.6438 26.0000 0.2381
30 1.1204 0.5000 14.0000 0.7997
30 1.2127 0.4667 13.0000 0.9417
35 1.1382 0.6857 11.0000 0.9600
19 1.2735 0.4211 7.0000 0.5541
33 1.0670 0.8485 5.0000 0.9072
26 1.1385 0.7692 6.0000 0.9340
249 1.0634 0.8032 48.0000 0.8391
259 1.0578 0.7992 51.0000 0.8529
258 1.0453 0.8217 44.0000 0.7255
256 1.0663 0.8398 41.0000 0.8250
25 1.0519 0.8750 4.0000 0.6593
74 1.1275 0.8108 14.0000 0.5274
71 1.0995 0.7254 19.0000 0.5185
38 1.1695 0.5789 14.0000 0.8950
28 1.1380 0.4231 16.0000 0.9340
29 1.1446 0.3846 16.0000 0.8792
28 1.1237 0.4000 15.0000 0.8325
27 1.2080 0.4000 14.0000 0.9339
28 1.1768 0.3929 17.0000 0.9416
123 1.1697 0.6260 46.0000 0.7089
16 1.1201 0.0625 15.0000 0.7080
17 1.3534 0.4706 9.0000 0.9096
17 1.2391 0.4118 10.0000 0.1908
31 1.2441 0.3500 15.0000 0.8144
21 1.2125 0.2857 10.0000 1.0000
77 1.1601 0.4675 36.0000 0.6797
76 1.1058 0.5000 32.0000 0.8790
74 1.1773 0.5270 32.0000 0.1303
76 1.2307 0.5329 29.5000 0.7090
15 1.4967 0.4000 8.0000 0.2770
26 1.0162 1.0000 1.0000 0.3331
58 1.1332 0.5862 23.0000 0.9293
22 1.2604 0.5909 7.0000 0.8906
23 1.2388 0.3913 13.0000 0.9010
22 1.1913 0.5455 10.0000 0.8906
22 1.3042 0.1364 12.5000 0.9466
24 1.1409 0.2500 14.0000 0.9593
23 1.1715 0.1739 16.0000 0.9636
38 1.0912 0.9722 2.0000 0.4953
24 1.0402 0.7917 5.0000 0.3871
67 1.2504 0.5672 27.0000 0.6389
14 1.2975 0.1429 8.0000 0.6803
21 1.2792 0.4762 11.0000 0.9464
19 1.1899 0.4211 11.0000 0.9327
22 1.1902 0.4091 8.0000 0.9408
24 1.2827 0.4167 10.0000 0.9096
21 1.1684 0.7000 7.0000 0.8898
20 1.2082 0.5000 10.0000 0.8898
120 1.1109 0.5000 56.0000 0.6265
268 1.1396 0.5933 89.5000 0.6248
28 1.1436 0.7143 8.0000 0.3892
120 1.1229 0.5417 53.0000 0.8239
121 1.1217 0.6033 46.0000 0.8145
254 1.1494 0.5177 100.5000 0.5620
229 1.1714 0.5764 78.5000 0.3825
114 1.1715 0.4211 52.0000 0.1367
26 1.0803 0.9200 3.0000 0.6151
18 1.3971 0.2941 11.0000 0.3387
119 1.0779 0.4790 56.0000 0.5421
93 1.1217 0.6237 34.0000 0.1145
114 1.1069 0.4781 52.5000 0.8168
91 1.1292 0.4945 36.0000 0.8340
114 1.2054 0.4159 52.0000 0.1599
14 1.3113 0.6154 6.0000 0.7650
299 1.0823 0.7592 66.0000 0.2827
24 1.3227 0.2174 15.0000 0.8295
23 1.3210 0.2857 15.0000 0.9108
14 1.2290 0.1667 11.0000 0.8878
20 1.5620 0.2105 11.0000 1.0000
75 1.1372 0.7067 22.0000 0.8460
118 1.0913 0.7373 31.0000 0.8076
15 1.4786 0.3846 10.0000 1.0000
120 1.1928 0.5417 53.0000 0.7508
14 1.1951 0.2000 11.0000 1.0000
117 1.1242 0.4872 52.0000 0.6251
118 1.1489 0.5593 50.0000 0.7367
117 1.0860 0.5470 49.0000 0.7582
116 1.1373 0.5603 46.0000 0.4513
27 1.3520 0.3704 14.0000 0.9521
30 1.2321 0.1724 16.0000 0.9106
50 1.1579 0.5102 21.0000 0.9531
117 1.1500 0.3632 55.0000 0.2094
41 1.0941 0.8537 6.0000 0.7920
11 1.2460 0.3636 6.0000 0.3358
16 1.3053 0.7143 6.0000 0.8897
118 1.0979 0.5000 53.0000 0.5957
11 1.7848 0.0909 8.0000 1.0000
296 1.1672 0.5372 128.0000 0.4292
46 1.1924 0.3478 28.0000 0.9324
1528 1.0446 0.9130 129.5000 0.2958
87 1.1917 0.4656 41.0000 0.3402
29 1.1504 0.4231 16.0000 0.9340
104 1.1623 0.5096 46.0000 0.1216
37 1.1798 0.5405 17.0000 0.7672
33 1.1323 0.5806 13.0000 0.8434
33 1.1359 0.6552 12.0000 0.8145
35 1.1177 0.8571 5.0000 0.3922
79 1.2436 0.3671 47.0000 0.8539
2615 1.0651 0.8646 340.5000 0.2258
1943 1.0478 0.9027 183.0000 0.2572
118 1.1129 0.5635 48.5000 0.8164
238 1.1446 0.5504 90.0000 0.7651
11 1.5068 0.4444 6.0000 1.0000
11 2.1941 0.4000 6.0000 1.0000
119 1.0810 0.7815 26.0000 0.7471
64 1.1280 0.5469 27.0000 0.6119
12 1.2081 0.3333 6.0000 0.8878
112 1.1110 0.6339 38.0000 0.7178
37 1.3441 0.3243 23.0000 0.9384
621 1.2574 0.7166 162.5000 0.1378
38 1.1296 0.3333 19.0000 0.9694
81 1.1488 0.4688 39.0000 0.7720
28 1.2976 0.4643 15.0000 0.5802
27 1.3233 0.3333 15.5000 0.6741
22 1.0874 0.5455 8.0000 0.8619
72 1.2118 0.3056 41.0000 0.5900
19 1.2076 0.3529 12.0000 0.8391
14 1.0508 0.8182 5.0000 0.6895
39 1.3098 0.2105 24.0000 0.7674
25 1.3779 0.2500 14.0000 1.0000
16 1.1525 0.3125 11.0000 0.8383
923 1.1882 0.5185 406.0000 0.3851
46 1.1456 0.3111 26.0000 0.7970
45 1.1553 0.2500 29.0000 0.7217
116 1.1376 0.6466 40.0000 0.6438
119 1.1788 0.5378 44.0000 0.4934
16 1.5575 0.1250 11.0000 0.4882
60 1.1600 0.3966 28.0000 0.5983
40 1.0489 0.9474 4.0000 0.7463
49 1.1874 0.4694 25.0000 0.4676
50 1.2010 0.4694 26.0000 0.4403
217 1.1359 0.6267 71.0000 0.2444
14 1.1392 0.5833 6.0000 0.4789
16 1.2195 0.5625 7.0000 0.4839
69 1.3291 0.0145 68.0000 0.2072
13 1.4403 0.2308 9.0000 0.7029
118 1.1410 0.5508 51.0000 0.7919
114 1.1267 0.5487 48.0000 0.4086
115 1.1621 0.5217 45.0000 0.6850
112 1.2896 0.3500 59.0000 0.1901
125 1.0954 0.5680 50.0000 0.8344
116 1.1367 0.6783 34.0000 0.8038
117 1.0716 0.7436 27.0000 0.8388
77 1.0840 0.5584 31.0000 0.9266
17 1.1624 0.8235 3.0000 0.9096
54 1.1363 0.5556 23.0000 0.7388
43 1.1107 0.3721 26.0000 0.6720
25 1.1285 0.5200 10.0000 0.4910
116 1.1369 0.5565 45.0000 0.0972
123 1.1162 0.6585 41.0000 0.6437
43 1.1768 0.5000 19.0000 0.8433
68 1.1148 0.6176 21.0000 0.9445
31 1.1395 0.9032 3.0000 0.9179
28 1.2078 0.7143 8.0000 0.9174
78 1.1188 0.3846 43.0000 0.8290
66 1.1397 0.3636 37.0000 0.8401
55 1.1541 0.6800 19.0000 0.6309
944 1.1469 0.6320 329.5000 0.4015
339 1.1818 0.3864 168.0000 0.1829
24 1.2702 0.5000 10.0000 1.0000
120 1.1184 0.7750 27.0000 0.2348
111 1.2329 0.4545 52.0000 0.3565
112 1.1661 0.5495 45.0000 0.2776
18 1.2507 0.5000 9.0000 0.9100
17 1.2196 0.5294 8.0000 0.9096
120 1.1631 0.7250 33.0000 0.7551
70 1.2016 0.3143 40.0000 0.9693
121 1.0782 0.5785 49.0000 0.6860
120 1.1337 0.5375 54.0000 0.7181
11 1.9365 0.3636 5.0000 0.5917
118 1.1886 0.4487 53.0000 0.5567
20 1.1961 0.6842 6.0000 0.2741
50 1.1579 0.7200 13.0000 0.7529
117 1.1288 0.6240 42.5000 0.5515
2692 1.0696 0.8347 412.0000 0.2068
25 1.1586 0.4800 12.0000 0.3445
12 1.3211 0.4545 7.0000 0.6895
20 1.2553 0.6500 7.0000 0.8898
90 1.1626 0.5612 38.5000 0.3489
120 1.1106 0.5583 48.0000 0.5277
446 1.0922 0.7578 101.0000 0.6749
230 1.2123 0.5065 97.0000 0.3470
304 1.1599 0.5099 121.5000 0.4485
927 1.1185 0.6921 274.0000 0.3656
59 1.2384 0.5170 27.5000 0.5269
119 1.0812 0.6555 41.0000 0.6894
12 1.2093 0.0833 11.0000 0.3997
26 1.0419 0.8462 4.0000 0.7717
928 1.1128 0.6999 267.5000 0.2782
73 1.1850 0.2778 39.0000 0.2176
56 1.1739 0.4643 28.0000 0.3794
230 1.2052 0.4348 104.0000 0.2141
304 1.1526 0.5279 128.0000 0.4006
106 1.1697 0.4717 48.0000 0.1141
121 1.0990 0.6364 44.0000 0.3845
298 1.1650 0.5625 116.0000 0.7203
216 1.2345 0.5070 91.5000 0.4938
88 1.1526 0.4091 45.0000 0.8220
44 1.2149 0.5000 22.0000 1.0000
62 1.1995 0.1290 33.5000 0.9644
45 1.1121 0.6667 14.0000 0.8504
33 1.1418 0.5455 11.0000 0.7580
43 1.0491 0.8140 8.0000 0.8800
43 1.0388 0.8837 5.0000 0.8728
26 1.0137 1.0000 1.0000 0.7764
64 1.2632 0.3516 38.0000 0.9123
60 1.1287 0.8333 10.0000 0.9655
36 1.0926 0.9167 3.0000 0.6568
110 1.0971 0.5545 45.0000 0.4531
26 1.0487 0.9231 2.0000 0.6620
26 1.1562 0.6250 11.0000 0.6196
89 1.1142 0.4382 41.0000 0.4771
90 1.1332 0.4222 42.0000 0.5719
115 1.1102 0.5478 48.0000 0.4431
29 1.2133 0.5714 12.0000 0.9246
17 1.6985 0.3636 12.0000 1.0000
80 1.1294 0.3250 46.0000 0.9850
73 1.1902 0.3014 44.0000 0.9850
20 1.2741 0.3000 14.0000 0.9404
15 1.1344 0.2667 11.0000 0.9215
19 1.2995 0.7895 4.0000 0.3980
13 1.2339 0.0769 12.0000 0.4752
22 1.6058 0.0000 22.0000 1.0000
15 1.7025 0.2000 11.0000 0.2770
14 1.2063 0.7143 4.0000 0.7394
11 2.0187 0.2727 7.0000 0.4875
38 1.2111 0.4474 17.0000 0.9380
374 1.1284 0.6724 115.0000 0.4205
113 1.1319 0.5841 44.0000 0.1951
114 1.1067 0.6404 37.0000 0.7778
67 1.1934 0.5896 24.0000 0.5158
17 1.3101 0.1875 11.0000 0.3938
266 1.2886 0.3816 134.5000 0.2351
60 1.1962 0.4333 32.0000 0.5502
72 1.2259 0.4861 36.0000 0.5053
18 1.5680 0.3889 11.0000 1.0000
17 1.1497 0.5882 7.0000 0.1912
924 1.1000 0.7040 258.5000 0.3431
2531 1.0701 0.8482 363.0000 0.2932
114 1.1417 0.5131 49.5000 0.7486
2296 1.0598 0.8532 316.0000 0.2331
21 1.3503 0.3500 13.0000 0.7942
12 1.1361 0.2000 7.0000 0.6857
119 1.1296 0.5126 54.0000 0.6947
26 1.2615 0.2308 18.0000 0.9472
20 1.2945 0.2500 12.0000 0.8773
120 1.1200 0.6333 43.0000 0.6184
119 1.1063 0.6695 38.0000 0.6922
114 1.0996 0.6930 33.0000 0.6673
105 1.1323 0.5714 41.0000 0.1483
75 1.1882 0.4800 38.0000 0.7906
714 1.1353 0.5588 294.0000 0.3375
909 1.1231 0.7058 253.5000 0.2894
941 1.1094 0.6945 282.0000 0.4567
947 1.1046 0.7291 250.0000 0.3637
946 1.0890 0.8102 176.0000 0.4007
69 1.1069 0.3768 34.0000 0.3354
13 1.2082 0.4167 8.0000 1.0000
621 1.2800 0.5441 258.0000 0.1355
117 1.0927 0.5299 51.0000 0.7904
14 1.2335 0.6429 5.0000 0.7664
121 1.0942 0.5620 46.0000 0.5494
41 1.1273 0.4878 18.0000 0.8251
61 1.2846 0.4262 31.0000 0.5117
119 1.1116 0.6387 42.0000 0.8361
949 1.0846 0.8457 140.5000 0.3064
120 1.1341 0.5250 52.0000 0.7149
26 1.0691 0.8800 4.0000 0.8125
118 1.1150 0.7796 24.0000 0.5305
25 1.1950 0.4783 11.0000 0.7282
49 1.2644 0.4388 24.0000 0.6934
62 1.4002 0.3689 33.0000 0.2351
59 1.1462 0.4746 29.0000 0.4948
2729 1.0586 0.8986 264.5000 0.2672
226 1.1584 0.5022 102.0000 0.5792
120 1.1095 0.5583 51.0000 0.6817
12 1.6770 0.1818 10.0000 1.0000
80 1.2008 0.2500 52.0000 0.9648
78 1.1594 0.2949 46.0000 0.9715
71 1.2208 0.2817 39.0000 1.0000
34 1.1597 0.6364 10.0000 0.5983
33 1.1274 0.6562 10.0000 0.6281
115 1.0906 0.6696 38.0000 0.8320
11 1.4478 0.7000 4.0000 1.0000
35 1.1414 0.6176 12.0000 0.9113
66 1.1336 0.5455 29.0000 0.8793
62 1.2223 0.3871 33.0000 0.9656
23 1.1678 0.5652 10.0000 0.9468
21 1.2062 0.2857 11.0000 0.8547
66 1.1980 0.4394 35.0000 0.9678
44 1.2403 0.3023 28.0000 0.2094
111 1.2020 0.4550 54.0000 0.4638
2880 1.0659 0.8402 423.0000 0.2111
18 1.5524 0.2778 11.0000 0.7005
271 1.1761 0.5130 115.0000 0.5365
70 1.2077 0.3857 37.0000 0.9850
66 1.2213 0.3636 36.0000 0.9673
66 1.2479 0.3409 37.5000 0.9835
69 1.2054 0.4638 33.0000 0.9683
70 1.2638 0.2642 35.0000 0.9407
118 1.0823 0.8475 18.0000 0.7760
22 1.2753 0.6818 7.0000 1.0000
44 1.2567 0.4318 23.0000 0.6046
120 1.1021 0.6417 41.0000 0.7549
12 1.2298 0.5833 5.0000 0.2823
23 1.5346 0.2273 13.0000 0.4006
71 1.1666 0.3803 38.0000 0.9698
62 1.2542 0.3770 34.0000 0.6847
72 1.1766 0.1972 34.0000 0.9372
80 1.3534 0.3038 56.0000 0.1137
46 1.2955 0.3333 31.0000 0.0863
118 1.1593 0.4576 58.0000 0.4522
22 1.3605 0.3636 12.0000 0.8782
21 1.3627 0.3333 14.0000 0.8778
25 1.1443 0.3333 17.0000 0.8322
28 1.1190 0.3704 18.0000 0.7932
14 1.2850 0.2857 8.0000 0.8360
14 1.5272 0.2857 9.0000 0.6962
26 1.2115 0.6154 10.0000 0.9170
18 1.1627 0.3125 11.0000 0.9092
17 1.1992 0.1875 11.0000 0.9092
17 1.2464 0.6250 6.0000 0.9092
11 1.6950 0.3636 7.0000 1.0000
18 1.2082 0.8889 2.0000 0.8269
119 1.0859 0.6387 41.0000 0.6854
46 1.2765 0.2609 27.0000 0.2111
332 1.1527 0.4729 153.0000 0.5963
114 1.0699 0.6754 34.5000 0.2399
38 1.1815 0.4722 19.0000 0.9629
337 1.1700 0.4570 163.5000 0.4521
643 1.1241 0.5755 253.5000 0.3770
23 1.2659 0.4348 10.0000 0.8627
37 1.2729 0.2778 23.0000 0.7044
38 1.2527 0.2703 21.0000 0.6712
119 1.1242 0.6008 45.5000 0.6888
120 1.0941 0.6625 40.0000 0.7324
47 1.2063 0.3404 25.0000 0.6630
121 1.1111 0.5950 47.0000 0.5829
117 1.1054 0.6325 42.0000 0.7853
57 1.1109 0.5357 24.0000 0.6843
115 1.1163 0.6000 42.0000 0.7454
116 1.1292 0.5431 48.0000 0.8391
73 1.0682 0.8082 14.0000 0.2211
239 1.1694 0.5983 85.5000 0.4353
120 1.0859 0.5750 50.0000 0.8270
737 1.1332 0.5753 274.0000 0.4965
802 1.1216 0.5698 287.5000 0.4615
853 1.1132 0.6255 286.5000 0.4278
844 1.1198 0.6576 267.0000 0.3700
886 1.1143 0.7009 253.0000 0.4432
881 1.1160 0.6277 294.5000 0.4087
11 1.2413 0.6000 4.0000 0.6965
36 1.2702 0.4444 18.0000 0.9413
15 2.0709 0.0667 14.0000 1.0000
32 1.3310 0.1250 24.0000 1.0000
36 1.1815 0.2222 24.0000 0.9527
33 1.3727 0.2424 20.0000 1.0000
120 1.0784 0.8000 24.0000 0.8238
2380 1.0612 0.8368 377.0000 0.3189
81 1.1145 0.6914 25.0000 0.5491
2293 1.0607 0.8306 372.5000 0.2621
79 1.1207 0.6709 26.0000 0.6675
2287 1.0652 0.8463 337.5000 0.2422
1961 1.0553 0.8180 338.0000 0.2354
118 1.0789 0.6525 39.0000 0.4445
65 1.1117 0.5692 28.0000 0.4597
30 1.2051 0.5000 15.0000 0.7347
33 1.1321 0.6452 11.0000 0.6722
63 1.3255 0.3333 38.0000 0.4616
117 1.1114 0.6496 40.0000 0.6011
48 1.1684 0.4894 22.0000 0.1230
76 1.2178 0.4474 38.0000 0.8176
60 1.1165 0.5167 26.0000 0.4142
67 1.1080 0.5821 27.0000 0.8031
66 1.1900 0.5455 28.0000 0.8274
17 1.1535 0.3529 10.0000 0.8816
53 1.1331 0.4510 26.0000 0.4174
55 1.1251 0.4717 21.0000 0.4340
48 1.1546 0.4792 22.0000 0.4764
50 1.1639 0.4694 22.0000 0.4514
122 1.1948 0.4303 61.0000 0.7831
99 1.1348 0.5758 35.0000 0.8071
54 1.1569 0.3704 29.0000 0.3959
18 1.3097 0.2778 10.0000 0.7055
2273 1.0908 0.7179 580.5000 0.3045
119 1.1291 0.5210 54.0000 0.6934
2290 1.0765 0.7895 457.5000 0.2303
98 1.1578 0.5102 40.0000 0.7569
2310 1.0763 0.7857 474.5000 0.2717
2419 1.0816 0.7598 545.0000 0.2746
2914 1.0806 0.7600 665.0000 0.2742
2865 1.0791 0.7635 643.5000 0.2348
24 1.3278 0.2917 16.0000 0.4948
115 1.0966 0.5391 42.0000 0.6478
97 1.1253 0.6082 34.0000 0.7903
72 1.1800 0.4861 32.0000 0.4720
19 1.4469 0.2632 13.0000 0.3417
29 1.4443 0.2857 16.0000 0.2600
119 1.1543 0.5546 49.0000 0.6184
87 1.1237 0.6207 32.0000 0.8428
19 1.2387 0.3158 11.0000 0.3476
21 1.2894 0.3333 13.0000 0.1037
