11 1.2654 0.0000 7.0000 1.0000
13 1.7724 0.3333 8.0000 1.0000
55 1.1686 0.5370 25.0000 0.9585
28 1.3624 0.1111 24.0000 0.2269
57 1.0985 0.7193 16.0000 0.1767
84 1.1385 0.7561 21.0000 0.7309
85 1.1330 0.6747 29.0000 0.6683
158 1.0714 0.8291 27.0000 0.7005
157 1.0577 0.8654 21.0000 0.7921
158 1.0706 0.8535 20.5000 0.7457
15 1.1953 0.6923 6.0000 0.4821
16 1.3459 0.0000 9.0000 0.4787
30 1.1566 0.5000 13.0000 0.6921
31 1.1398 0.5667 11.0000 0.7571
29 1.0788 0.5172 14.0000 0.6316
15 1.1564 0.3077 9.0000 0.6985
70 1.1249 0.6087 26.0000 0.8816
29 1.2048 0.5000 15.0000 0.9562
157 1.0690 0.8981 16.0000 0.7564
26 1.2169 0.7500 8.0000 0.8422
34 1.1761 0.6667 12.0000 0.7772
45 1.1879 0.7045 14.0000 0.9249
24 1.1933 0.5217 12.0000 0.8785
19 1.2535 0.5000 10.0000 0.9324
38 1.3168 0.5000 15.0000 0.9694
20 2.0515 0.1945 12.5000 1.0000
20 1.9550 0.3889 10.0000 1.0000
22 1.1362 0.7273 5.0000 0.4937
28 1.1998 0.3846 12.0000 0.9560
42 1.3166 0.3571 17.0000 0.9728
13 1.2903 0.4545 8.0000 0.3175
22 1.4973 0.3863 11.0000 0.8846
21 1.3102 0.4211 12.0000 0.9232
88 1.1936 0.5966 32.5000 0.6531
12 1.0830 0.6000 5.0000 0.4695
15 1.2326 0.3333 11.0000 0.6923
44 1.2274 0.5000 23.0000 0.9113
38 1.2796 0.6579 13.0000 0.7593
34 1.3461 0.3636 19.0000 0.5383
15 1.6054 0.2143 10.0000 0.1914
16 1.2748 0.5333 8.0000 0.2365
44 1.3188 0.2750 22.0000 1.0000
15 1.7670 0.2857 10.0000 1.0000
16 1.3975 0.3333 11.0000 0.2770
32 1.2655 0.2667 16.0000 0.9625
23 1.2981 0.5217 10.0000 0.7030
24 1.3893 0.3913 12.0000 0.7030
14 1.1464 0.2143 10.0000 1.0000
15 1.2065 0.2143 11.0000 1.0000
15 1.0890 0.9286 2.0000 0.2915
32 1.1976 0.7188 9.0000 0.7957
35 1.0262 1.0000 0.0000 0.9243
44 1.3430 0.3636 25.0000 0.9449
50 1.3214 0.4200 20.0000 0.9676
15 1.1278 0.6154 7.0000 0.2570
13 1.2743 0.3333 7.0000 1.0000
30 1.2963 0.5357 13.0000 0.2150
78 1.1949 0.5000 30.0000 0.5156
80 1.1726 0.5600 30.0000 0.6090
83 1.1642 0.4658 40.0000 0.4046
76 1.2936 0.4697 35.0000 0.2854
21 1.4833 0.3684 14.0000 0.8403
14 1.1565 0.8571 2.0000 0.5707
53 1.0752 0.8868 6.0000 0.3166
46 1.1620 0.3333 27.0000 0.9754
44 1.1806 0.5000 18.0000 0.9418
46 1.1373 0.5870 16.0000 0.6198
12 1.3213 0.3333 8.0000 1.0000
12 1.6105 0.5455 5.0000 1.0000
153 1.0939 0.6601 52.0000 0.8478
20 2.0141 0.3684 13.0000 0.3417
25 1.1547 0.3600 14.0000 0.9471
159 1.0496 0.9051 16.0000 0.7669
23 1.1347 0.3478 13.0000 0.8817
16 1.0778 0.6923 7.0000 0.8889
102 1.1669 0.5686 39.0000 0.8309
19 1.2914 0.5625 10.0000 0.9850
84 1.1828 0.6071 31.0000 0.5971
16 1.1084 0.6667 8.0000 0.2513
86 1.0909 0.6047 34.0000 0.5505
88 1.1754 0.6250 33.0000 0.6490
92 1.1687 0.5652 36.0000 0.9558
88 1.1048 0.6023 32.0000 0.9708
81 1.1375 0.6790 24.0000 0.9369
20 1.2948 0.2778 10.0000 0.9228
22 1.3760 0.6500 8.0000 0.9330
22 1.6030 0.1818 14.0000 0.8529
42 1.0896 0.8333 7.0000 0.3695
40 1.0532 0.8750 5.0000 0.2253
43 1.0856 0.8780 7.0000 0.7905
356 1.1001 0.7077 101.0000 0.5048
24 1.2881 0.5833 9.0000 0.9470
24 1.2440 0.3636 15.0000 0.6584
24 1.1390 0.4545 10.0000 0.7745
92 1.2281 0.3444 51.5000 0.9884
24 1.2285 0.6364 10.0000 0.8707
15 1.3876 0.1429 13.0000 1.0000
77 1.1318 0.5714 32.0000 0.7286
388 1.0924 0.7397 92.0000 0.6696
381 1.1132 0.7453 91.0000 0.5583
21 1.1982 0.6316 8.0000 0.2331
16 1.2957 0.5000 8.0000 0.6956
14 1.7646 0.2500 8.0000 1.0000
12 2.0234 0.1363 6.0000 1.0000
12 1.5976 0.0833 10.0000 1.0000
13 1.8122 0.3333 7.0000 1.0000
82 1.1585 0.5976 30.0000 0.7782
11 1.4364 0.5455 5.0000 0.7610
105 1.1723 0.4476 55.0000 0.7606
113 1.2246 0.6106 42.0000 0.9361
184 1.2259 0.3696 96.0000 0.1052
61 1.3538 0.1967 35.0000 0.1009
87 1.1189 0.5802 32.0000 0.6457
36 1.3471 0.3529 17.0000 0.9674
22 1.4032 0.0909 13.0000 0.9466
11 1.8806 0.4000 7.0000 1.0000
12 1.1896 0.2727 7.0000 0.3772
22 1.4863 0.4545 12.0000 0.9466
16 1.7260 0.4000 9.0000 1.0000
64 1.1341 0.6562 22.0000 0.8094
47 1.1811 0.4348 22.0000 0.3537
46 1.1456 0.5870 17.0000 0.6841
51 1.1899 0.5882 20.0000 0.3796
49 1.2329 0.6122 19.0000 0.1854
50 1.1889 0.5800 18.0000 0.1586
14 1.2302 0.7143 4.0000 1.0000
86 1.1279 0.5349 38.0000 0.8324
82 1.1167 0.5732 33.0000 0.6189
87 1.1116 0.6092 32.0000 0.6806
86 1.1075 0.7326 23.0000 0.5588
86 1.1202 0.6279 31.0000 0.8353
86 1.0961 0.7209 24.0000 0.8324
86 1.1166 0.6686 27.5000 0.7224
86 1.1531 0.6977 25.0000 0.5569
85 1.1191 0.6353 30.0000 0.8442
39 1.1958 0.4872 19.0000 0.8168
161 1.1151 0.6273 53.0000 0.8331
86 1.1497 0.7326 22.5000 0.8514
14 1.3821 0.7500 5.0000 0.3234
66 1.1962 0.6000 23.5000 0.6362
86 1.1132 0.6977 25.0000 0.8947
60 1.1868 0.6000 22.0000 0.8845
29 1.1988 0.2857 16.0000 0.9522
30 1.1330 0.4000 18.0000 0.9563
11 1.1554 0.8182 2.0000 0.4749
83 1.0909 0.7195 24.0000 0.6574
98 1.1568 0.5408 38.0000 0.5998
84 1.0576 0.9167 7.0000 0.3676
18 1.2644 0.5714 10.0000 0.9079
13 1.2375 0.6364 6.0000 0.5520
14 1.3280 0.7500 5.0000 0.7633
16 1.4160 0.6429 6.0000 0.8078
36 1.2237 0.3529 21.0000 0.6852
16 1.1550 0.6154 8.0000 0.7376
15 1.1682 0.5385 8.0000 0.8889
14 1.2681 0.3636 9.0000 0.3772
13 1.5530 0.6364 3.0000 0.2986
82 1.0639 0.8780 10.0000 0.5852
19 1.1680 0.6316 7.0000 0.9327
22 1.1076 0.6000 10.0000 0.8123
23 1.4108 0.6818 7.0000 0.4006
19 1.1533 0.5882 7.0000 0.8107
11 1.1777 0.0909 10.0000 1.0000
14 1.4832 0.5909 5.0000 0.3772
14 1.5031 0.2500 8.0000 1.0000
12 1.5197 0.3636 8.0000 0.6949
13 1.2770 0.1667 7.0000 0.8106
82 1.0592 0.9268 6.0000 0.6271
18 1.2448 0.5556 8.0000 0.6007
393 1.0886 0.6905 110.0000 0.5731
394 1.1038 0.7313 99.5000 0.5617
393 1.0825 0.7532 94.5000 0.5813
389 1.0872 0.7468 94.5000 0.4778
44 1.1488 0.4545 22.0000 0.8626
396 1.0827 0.7583 93.5000 0.4065
390 1.0854 0.7918 78.0000 0.7654
393 1.0836 0.7308 103.5000 0.5499
390 1.0897 0.7746 87.0000 0.6521
392 1.0835 0.7831 86.5000 0.5586
393 1.0816 0.7596 91.0000 0.7385
12 1.6645 0.2222 7.0000 1.0000
18 1.2784 0.2353 12.5000 1.0000
11 1.2141 0.3000 7.0000 0.6857
42 1.1802 0.7143 12.0000 0.8216
36 1.2828 0.4706 20.0000 0.9674
19 1.6639 0.2105 14.0000 1.0000
19 1.6391 0.2632 13.0000 1.0000
40 1.2334 0.4750 17.0000 0.4662
11 1.2677 0.9091 1.0000 1.0000
15 1.1607 0.3846 8.0000 1.0000
13 1.4790 0.2308 8.0000 0.2731
35 1.2612 0.2857 22.0000 0.9294
31 1.2663 0.6774 9.0000 0.9248
33 1.3819 0.3636 20.0000 0.8644
32 1.2426 0.7097 9.0000 0.7987
38 1.3953 0.3947 21.0000 0.6133
12 1.4488 0.5000 5.0000 1.0000
19 1.8130 0.1053 14.0000 1.0000
12 1.2575 0.5000 6.0000 1.0000
34 1.1279 0.7500 10.0000 0.8529
54 1.1661 0.5294 24.0000 0.9314
26 1.2579 0.3200 16.0000 1.0000
19 1.2792 0.1111 13.0000 1.0000
18 1.3308 0.2941 11.0000 0.8597
59 1.2496 0.5932 24.0000 0.8118
14 1.8386 0.3077 9.0000 1.0000
41 1.2247 0.5366 18.0000 0.7098
42 1.1421 0.4762 19.0000 0.8656
43 1.2586 0.4651 22.0000 0.4952
21 1.3982 0.5263 10.0000 0.8610
39 1.2762 0.6111 16.0000 0.9379
16 1.5378 0.3750 10.0000 1.0000
79 1.1677 0.6076 31.0000 0.7513
78 1.3566 0.3788 43.0000 0.3511
47 1.1392 0.4043 23.0000 0.5014
83 1.1625 0.4337 43.0000 0.9562
188 1.1048 0.5585 73.5000 0.5811
189 1.1216 0.6223 67.0000 0.5953
54 1.1393 0.6111 21.0000 0.8810
19 2.1921 0.4737 9.0000 0.3029
19 1.2963 0.2778 14.0000 1.0000
19 1.2508 0.2632 12.0000 0.9232
18 1.2864 0.1667 13.0000 0.9621
19 1.1210 0.2105 12.0000 1.0000
16 1.3252 0.4375 8.0000 1.0000
18 1.4884 0.3889 11.0000 1.0000
84 1.2087 0.5714 33.0000 0.7500
83 1.2744 0.5603 36.5000 0.1207
92 1.1367 0.5055 39.0000 0.8758
37 1.2416 0.4286 20.0000 0.9378
28 1.3546 0.4231 17.0000 1.0000
25 1.4265 0.3750 15.0000 1.0000
26 1.3688 0.4000 16.0000 1.0000
16 1.0980 0.7500 4.0000 0.8589
133 1.1174 0.7143 37.0000 0.6309
28 1.2428 0.3077 17.0000 0.8641
87 1.1447 0.7011 26.0000 0.6385
84 1.1637 0.5714 36.0000 0.6787
17 1.4634 0.0000 17.0000 0.7141
20 1.1943 0.4737 11.0000 1.0000
85 1.2107 0.6235 32.0000 0.4694
84 1.2196 0.6131 31.0000 0.4811
83 1.2571 0.6265 28.5000 0.2101
83 1.1629 0.6265 31.0000 0.5429
15 1.2423 0.6667 5.0000 0.8512
13 1.7174 0.6539 4.5000 0.9304
27 1.2442 0.4444 13.0000 0.4532
28 1.2407 0.5357 10.0000 0.9474
18 1.1569 0.2667 10.0000 0.7007
64 1.1486 0.5469 29.0000 0.7887
15 1.2919 0.2000 12.0000 1.0000
14 1.4288 0.4286 8.0000 0.2798
41 1.1765 0.6250 13.0000 0.8594
75 1.1015 0.7027 18.0000 0.6264
17 1.4661 0.4062 9.5000 1.0000
18 1.1749 0.5882 7.0000 0.9096
24 1.2662 0.6250 9.0000 0.8197
17 1.2987 0.3529 11.0000 0.2395
19 1.4256 0.2105 12.0000 0.3417
14 1.2909 0.4167 8.0000 0.8878
61 1.1019 0.8525 9.0000 0.7447
48 1.2618 0.4896 21.5000 0.6492
48 1.2154 0.5417 19.0000 0.5292
14 2.2770 0.2143 9.0000 1.0000
204 1.2776 0.5098 84.5000 0.7118
230 1.1646 0.5522 84.0000 0.6160
25 1.1928 0.4583 13.0000 0.7046
18 1.6074 0.2222 12.0000 0.9324
414 1.1027 0.7367 100.5000 0.7011
48 1.3954 0.4479 25.0000 0.9776
198 1.4019 0.2248 111.0000 0.2603
14 1.2989 0.3571 9.0000 0.8078
40 1.3697 0.4211 22.0000 0.7695
11 1.5822 0.4000 7.0000 1.0000
22 1.2243 0.3636 14.0000 0.9334
27 1.2428 0.4444 15.0000 0.9116
29 1.2868 0.3793 17.0000 0.8431
16 1.1396 0.6250 6.0000 0.8251
91 1.2254 0.5714 36.5000 0.8533
73 1.0216 0.9589 3.0000 0.4691
40 1.3832 0.3333 24.0000 0.7696
99 1.0973 0.7980 19.0000 0.4986
104 1.1890 0.5481 41.0000 0.7698
19 1.2293 0.5556 9.0000 0.8113
42 1.3148 0.4103 23.0000 0.9252
25 1.2332 0.5200 11.0000 0.7840
33 1.0829 0.8125 7.0000 0.5355
31 1.0941 0.8387 5.0000 0.7209
32 1.1163 0.7812 7.0000 0.7213
30 1.1213 0.6333 9.0000 0.8136
327 1.2066 0.5015 132.5000 0.5946
20 1.7462 0.3500 13.0000 1.0000
83 1.0447 0.9639 3.0000 0.4436
85 1.0448 0.9765 2.0000 0.6287
83 1.0398 0.9878 2.0000 0.6007
33 1.1131 0.4848 15.0000 1.0000
169 1.1550 0.4911 76.0000 0.4690
71 1.2273 0.3239 39.0000 0.2306
60 1.2502 0.4912 26.0000 0.8114
146 1.1668 0.5205 63.0000 0.5104
78 1.3209 0.6538 25.0000 0.1803
22 1.2164 0.6818 7.0000 0.9466
94 1.1947 0.4681 45.0000 0.7828
18 1.3492 0.2941 13.0000 1.0000
31 1.2611 0.6667 10.0000 0.5422
19 1.2577 0.7895 4.0000 0.7012
13 1.4160 0.2500 10.0000 0.6923
17 1.3498 0.3125 11.0000 0.4941
30 1.3157 0.3333 17.0000 0.9625
60 1.2995 0.4407 28.0000 0.2999
40 1.3106 0.4615 19.5000 0.6044
40 1.2825 0.5250 18.0000 0.7989
84 1.1473 0.4643 44.0000 0.9095
11 1.3405 0.5455 5.0000 1.0000
16 1.7244 0.4375 9.0000 1.0000
18 1.3525 0.2941 10.0000 0.3954
17 1.3294 0.3333 9.0000 0.4866
46 1.0850 0.8478 7.0000 0.3107
40 1.4875 0.5128 19.0000 0.7043
58 1.3305 0.2414 36.0000 0.4940
101 1.1681 0.6337 33.5000 0.5097
103 1.1747 0.6408 34.0000 0.3966
66 1.2099 0.4603 28.0000 0.4525
480 1.1644 0.5325 183.5000 0.6260
115 1.3173 0.3652 61.5000 0.8150
295 1.1600 0.5661 109.0000 0.6764
339 1.1987 0.5769 122.5000 0.5632
176 1.1105 0.4630 84.0000 0.4854
71 1.3045 0.3286 37.5000 0.3031
21 1.6791 0.3333 13.0000 0.7055
21 1.7067 0.3095 12.5000 0.1598
158 1.0567 0.8797 18.0000 0.8011
36 1.1554 0.5429 16.0000 0.6864
32 1.1552 0.5000 14.0000 0.4647
36 1.1966 0.5278 14.0000 0.9064
35 1.1443 0.5294 17.0000 0.8151
21 1.2474 0.5714 9.0000 1.0000
21 1.2097 0.8158 5.0000 1.0000
38 1.2630 0.5263 13.0000 0.9654
45 1.2517 0.5778 19.0000 0.1646
13 1.8937 0.2500 9.0000 1.0000
158 1.0465 0.8544 21.0000 0.8100
159 1.0679 0.8616 22.0000 0.7963
159 1.0634 0.8239 26.0000 0.7545
158 1.0701 0.8797 19.0000 0.6429
190 1.2986 0.3947 93.5000 0.3359
38 1.3132 0.4865 15.0000 0.7806
36 1.2594 0.3714 17.0000 0.8168
35 1.2499 0.3824 19.0000 0.6792
37 1.2133 0.3714 20.0000 0.0979
51 1.3441 0.3137 31.0000 0.5425
25 1.1850 0.7600 6.0000 0.9243
70 1.2933 0.3357 40.5000 0.7810
95 1.2790 0.6211 30.0000 0.3491
258 1.1563 0.4709 112.0000 0.7726
23 1.8150 0.0000 21.0000 1.0000
1659 2.8593 0.2649 991.5000 0.0348
186 1.1159 0.5892 72.0000 0.3918
28 1.2155 0.2857 16.0000 0.3968
29 1.6802 0.2931 18.5000 0.3241
190 1.1019 0.6032 73.0000 0.6542
40 1.3198 0.3750 22.0000 0.8759
18 1.3712 0.5714 10.0000 0.9079
97 1.2168 0.4536 46.0000 0.8418
98 1.2780 0.4898 47.5000 0.7410
32 1.1614 0.4194 18.0000 0.2832
51 1.2303 0.3922 26.0000 0.6859
53 1.2269 0.4340 25.0000 0.6861
50 1.2833 0.4600 24.0000 0.8421
311 1.1718 0.5933 114.0000 0.6062
312 1.2006 0.5721 116.0000 0.7220
308 1.1705 0.5422 122.0000 0.7779
313 1.1874 0.5687 121.5000 0.6861
117 1.1609 0.4872 52.0000 0.7112
143 1.2085 0.4021 71.0000 0.7035
117 1.2152 0.4359 59.0000 0.6739
132 1.1495 0.5152 59.0000 0.8811
133 1.1629 0.4324 65.0000 0.6588
130 1.1507 0.4231 67.0000 0.6739
115 1.1803 0.4348 55.0000 0.8703
113 1.1315 0.4956 49.0000 0.8229
105 1.2340 0.5048 50.0000 0.6873
97 1.1370 0.5567 37.0000 0.8846
111 1.1141 0.4595 52.0000 0.8671
101 1.1651 0.6238 37.5000 0.8134
33 1.2908 0.4839 15.0000 0.6307
558 1.1326 0.5610 228.0000 0.7712
25 1.2640 0.4400 14.0000 0.7151
26 1.4240 0.5769 10.0000 0.6665
18 1.1970 0.5556 8.0000 1.0000
47 1.3817 0.3191 25.0000 0.8629
29 1.2687 0.4138 16.5000 0.8387
26 1.3607 0.3750 16.0000 0.8381
75 1.1420 0.5867 31.0000 0.8685
104 1.1723 0.4466 50.0000 0.8850
94 1.2117 0.7128 26.0000 0.7141
206 1.1502 0.5340 86.5000 0.8584
15 1.5699 0.2000 10.0000 0.4866
17 2.0255 0.0625 10.0000 0.6988
37 1.1161 0.6286 15.0000 0.5646
36 1.2117 0.5556 15.0000 0.5473
20 1.0818 0.8500 3.0000 0.3429
14 1.1635 0.9286 1.0000 0.2344
390 1.0833 0.7712 86.0000 0.5673
394 1.0878 0.7194 103.0000 0.4035
389 1.0920 0.7577 93.0000 0.7012
393 1.0815 0.7564 95.0000 0.5519
51 1.1932 0.4902 25.0000 0.6259
52 1.0918 0.5769 22.0000 0.8702
20 1.2759 0.4000 10.0000 0.9330
119 1.1599 0.4286 58.0000 0.7276
52 1.2505 0.3922 28.0000 0.4681
51 1.4390 0.3800 29.0000 0.4977
39 1.2143 0.4872 18.0000 0.9862
18 1.9477 0.3889 11.0000 0.7005
27 1.1582 0.4814 11.5000 0.8972
27 1.2111 0.4629 12.0000 0.9223
32 1.1628 0.2581 19.0000 0.3491
15 1.3176 0.4000 9.0000 0.2416
19 1.2394 0.6842 6.0000 0.1536
20 1.1014 0.6842 7.0000 0.2142
27 1.0453 0.9259 2.0000 0.6227
98 1.1660 0.7188 28.0000 0.8822
24 1.2460 0.4348 14.0000 0.9627
85 1.1601 0.6353 29.0000 0.3108
67 1.1950 0.5672 28.0000 0.8833
65 1.2872 0.5077 30.0000 0.3789
616 1.1421 0.5909 223.5000 0.2978
615 1.1900 0.5146 264.0000 0.5305
87 1.1561 0.5172 41.0000 0.5834
74 1.1875 0.3904 36.5000 0.7281
79 1.1458 0.7089 21.0000 0.2818
40 1.2062 0.3846 24.0000 0.8128
16 1.1382 0.6250 6.0000 0.8589
21 1.3909 0.0000 18.0000 1.0000
69 1.3004 0.2174 40.0000 0.7706
58 1.3106 0.2241 37.0000 0.8187
114 1.2752 0.3772 56.0000 0.7747
22 1.8165 0.0000 20.0000 1.0000
21 1.3463 0.1905 12.0000 0.9406
22 1.3869 0.3181 12.0000 0.8313
24 1.2558 0.1818 18.0000 0.9466
11 2.0021 0.0909 7.0000 1.0000
92 1.2187 0.3913 46.0000 0.8489
25 1.3093 0.3200 17.0000 1.0000
19 1.4524 0.5263 9.0000 0.8768
31 1.2633 0.2581 20.0000 0.7062
118 1.3058 0.6102 39.0000 0.5689
57 1.1776 0.5263 23.0000 0.8876
51 1.0864 0.4902 26.0000 0.6987
28 1.2677 0.6429 10.0000 1.0000
20 1.1220 0.6500 7.0000 1.0000
27 1.3108 0.3333 13.0000 1.0000
15 1.1915 0.7857 4.0000 0.4209
21 1.1980 0.5714 9.0000 0.7865
90 1.1783 0.4723 42.0000 0.8326
22 1.6600 0.4091 13.0000 1.0000
15 1.2197 0.2857 11.0000 0.3481
30 1.1125 0.7667 7.0000 0.2487
45 1.1437 0.3556 23.0000 0.9130
98 1.1643 0.5102 44.0000 0.7183
134 1.2045 0.5896 48.0000 0.9352
20 1.4264 0.3889 11.0000 0.9324
18 1.3006 0.5556 8.0000 0.9324
39 1.2898 0.1795 24.0000 0.7874
14 1.1029 1.0000 0.0000 0.3426
18 1.2090 0.5556 8.0000 0.3403
84 1.1131 0.5595 32.0000 0.6316
12 1.3678 0.5455 6.0000 0.8095
16 1.9744 0.0625 11.0000 1.0000
242 1.2303 0.3636 118.0000 0.3375
49 1.2841 0.5102 24.0000 0.9547
16 2.2899 0.2188 12.5000 1.0000
86 1.2270 0.5291 36.0000 0.7036
84 1.1299 0.6905 26.0000 0.6395
165 1.1782 0.5030 70.0000 0.7828
249 1.1424 0.5723 88.0000 0.6915
19 1.4051 0.3158 13.0000 0.3029
65 1.3302 0.5077 26.0000 0.6394
33 1.2033 0.5161 15.0000 0.7413
20 1.4444 0.2000 11.0000 0.9234
13 1.7875 0.2308 9.0000 0.7029
15 1.2808 0.3333 10.0000 0.8089
558 1.1718 0.5574 232.5000 0.7659
34 1.1633 0.5882 12.0000 0.4357
46 1.3531 0.4239 22.0000 0.6106
35 1.2496 0.4571 15.0000 0.4723
16 1.1268 0.7143 6.0000 0.6959
22 1.3380 0.4091 12.0000 0.9466
21 1.3741 0.2381 13.0000 1.0000
21 1.5161 0.1429 14.0000 1.0000
17 1.7504 0.2941 11.0000 1.0000
413 1.1617 0.5678 165.0000 0.4847
42 1.3298 0.2619 29.0000 0.9363
70 1.1376 0.5857 27.0000 0.3123
16 1.2449 0.5000 7.0000 0.8908
14 1.2124 0.5000 6.0000 0.7664
45 1.1469 0.6905 13.0000 0.7047
22 1.1875 0.5000 10.0000 0.8416
167 1.1537 0.5240 70.0000 0.5470
253 1.2490 0.3656 132.5000 0.4379
256 1.1990 0.3497 140.0000 0.5826
28 1.1395 0.6071 11.0000 0.9474
11 1.9560 0.4000 7.0000 1.0000
50 1.2006 0.5000 22.5000 0.5698
78 1.1698 0.4366 40.0000 0.1588
23 1.2046 0.8044 4.0000 0.9231
217 1.2501 0.4562 104.0000 0.7256
78 1.1559 0.5263 37.0000 0.5001
79 1.1760 0.5570 29.0000 0.6386
59 1.2790 0.4576 28.0000 0.4632
541 1.1554 0.5438 220.0000 0.6390
85 1.1357 0.6530 27.5000 0.5629
90 1.1600 0.5222 41.0000 0.6031
90 1.1598 0.5167 38.0000 0.5658
22 1.2932 0.4000 8.0000 1.0000
86 1.1336 0.6395 27.0000 0.9465
30 1.2611 0.3333 18.0000 0.2829
243 1.2429 0.3478 126.0000 0.5553
146 1.2854 0.3733 75.0000 0.3654
130 1.1505 0.7344 31.0000 0.5822
49 1.1293 0.4490 25.0000 0.8631
49 1.1774 0.5306 23.0000 0.8872
162 1.2788 0.1481 136.0000 0.9503
33 1.4232 0.3333 21.0000 0.4071
27 1.2367 0.3462 14.0000 0.3472
60 1.4153 0.3500 33.0000 0.5938
19 1.4417 0.1053 16.0000 1.0000
35 1.4297 0.4286 19.0000 0.4992
50 1.4183 0.4000 26.0000 0.7795
34 1.3148 0.3235 19.0000 0.3499
49 1.4770 0.5102 23.0000 0.7044
54 1.3795 0.4444 26.0000 0.6087
20 1.5512 0.1500 17.0000 1.0000
55 1.2993 0.4000 30.0000 0.6145
19 1.5627 0.2632 14.0000 0.4958
19 1.7809 0.3684 11.0000 1.0000
38 1.3050 0.3243 21.0000 0.2310
174 1.2529 0.3822 88.0000 0.4880
30 1.5636 0.3929 18.5000 0.8495
90 1.2363 0.5000 40.5000 0.5452
209 1.1345 0.5407 89.0000 0.5579
350 1.1530 0.5500 141.5000 0.3490
21 1.3226 0.6667 7.0000 0.8703
14 1.2945 0.6923 5.0000 0.6945
11 1.3802 0.5000 6.0000 0.6857
26 1.4169 0.3462 15.0000 1.0000
11 1.8328 0.2727 8.0000 1.0000
49 1.4109 0.3265 24.0000 0.2649
38 1.2976 0.3421 21.0000 0.6801
28 1.4136 0.2500 16.0000 0.5890
113 1.2212 0.4375 51.0000 0.6816
513 1.0822 0.8548 71.5000 0.4235
27 1.1683 0.5926 9.0000 0.9116
28 1.1119 0.6965 6.5000 0.9117
98 1.1841 0.5000 43.0000 0.7856
26 1.1150 0.5600 12.0000 0.9243
41 1.4403 0.4024 22.5000 0.5414
54 1.3647 0.2963 34.0000 0.8873
237 1.1614 0.5949 91.0000 0.7461
881 1.1591 0.6793 261.0000 0.5888
2164 1.0682 0.8877 235.0000 0.1935
195 1.2591 0.3627 104.5000 0.1911
55 1.2136 0.6545 18.0000 0.4626
192 1.2818 0.3724 96.0000 0.3403
200 1.3002 0.3636 106.0000 0.2554
191 1.2223 0.3228 105.0000 0.3231
153 1.3256 0.1830 80.0000 0.2554
69 1.2186 0.3913 37.0000 0.6637
68 1.2167 0.3824 36.0000 0.4498
72 1.3116 0.3889 36.0000 0.5331
46 1.3295 0.2391 34.0000 0.8551
69 1.2085 0.7826 13.0000 0.5540
40 1.3543 0.4250 18.0000 1.0000
87 1.1620 0.6000 34.5000 0.5815
19 1.5463 0.5789 8.0000 0.4958
14 1.3054 0.4286 8.0000 0.3893
113 1.2069 0.4159 58.0000 0.6803
90 1.2096 0.5667 38.0000 0.8486
102 1.2093 0.4706 48.0000 0.8649
97 1.1739 0.4536 47.0000 0.8404
107 1.2359 0.4019 59.0000 0.7230
17 1.3416 0.1176 11.0000 0.9143
115 1.2208 0.3913 61.0000 0.7291
79 1.1300 0.7152 20.5000 0.4195
18 1.6854 0.2222 14.0000 0.0710
20 1.6458 0.3000 10.0000 0.2821
22 1.4690 0.1364 15.0000 1.0000
17 1.4353 0.1176 15.0000 1.0000
19 1.6542 0.3947 11.5000 1.0000
14 1.2798 0.2857 9.0000 1.0000
20 1.2215 0.4500 11.0000 0.9330
