16 1.1105 0.6875 5.0000 1.0000
14 1.0609 0.9231 2.0000 0.6985
66 1.0664 0.7121 19.0000 0.3189
12 1.7197 0.3334 7.0000 0.4895
38 1.0816 0.6111 14.0000 0.7263
40 1.1828 0.6000 15.0000 0.5596
496 1.0673 0.7520 120.0000 0.6115
57 1.0780 0.7544 13.0000 0.1655
17 1.1247 0.8235 3.0000 0.2118
125 1.1485 0.5726 47.0000 0.7861
58 1.0454 0.7544 15.0000 0.6312
55 1.0526 0.8909 6.0000 0.7534
13 1.2618 0.3077 9.0000 1.0000
120 1.1690 0.5375 50.5000 0.3834
150 1.0981 0.6667 47.0000 0.6344
46 1.2039 0.5652 18.0000 0.7615
19 1.2647 0.6667 7.0000 0.9228
20 1.3712 0.5263 10.0000 1.0000
58 1.0681 0.7586 13.0000 0.7079
26 1.3027 0.2692 15.0000 0.8329
20 1.4554 0.4000 10.0000 0.8898
127 1.1156 0.7063 34.5000 0.7351
15 1.6549 0.4000 9.0000 1.0000
62 1.1264 0.5902 24.0000 0.4822
32 1.1913 0.7000 10.0000 0.8670
27 1.2494 0.5200 12.0000 0.2127
26 1.3458 0.2917 16.0000 1.0000
19 1.5503 0.2353 11.0000 0.9225
31 1.2380 0.4839 16.0000 0.9109
34 1.2006 0.4118 19.0000 0.9113
71 1.1837 0.5571 29.0000 0.9083
66 1.1206 0.6212 24.0000 0.9264
57 1.0597 0.7368 15.0000 0.1655
45 1.1170 0.6512 15.0000 0.7255
30 1.3391 0.4333 14.5000 0.6347
24 1.3648 0.4167 12.0000 0.9096
30 1.2714 0.4286 14.0000 0.8166
101 1.1212 0.5800 41.0000 0.6298
16 1.2310 0.6000 6.0000 1.0000
19 1.0648 0.6842 6.0000 0.8852
36 1.2312 0.3529 19.0000 0.8559
61 1.1493 0.3860 33.0000 0.6379
18 1.3289 0.6111 7.0000 0.2258
12 1.7843 0.4545 6.0000 1.0000
18 1.4289 0.2500 11.0000 0.8251
30 1.3542 0.4000 14.0000 0.8670
61 1.1806 0.4000 35.0000 0.1263
42 1.1504 0.5952 17.0000 0.8853
29 1.3489 0.3793 18.0000 0.7680
19 1.0948 0.7778 5.0000 1.0000
11 1.1266 0.6000 5.0000 0.3705
16 1.2166 0.6875 5.0000 0.6928
14 1.5203 0.2143 9.0000 0.6962
14 1.0366 0.9231 2.0000 0.6985
15 1.0164 0.8571 3.0000 0.6997
60 1.2263 0.6667 20.0000 0.7133
59 1.1607 0.4545 28.0000 0.2665
67 1.1064 0.5606 25.0000 0.9264
67 1.1547 0.6061 26.0000 0.9264
67 1.1431 0.4394 33.0000 0.5619
67 1.1303 0.5000 30.0000 0.9264
67 1.1345 0.5758 26.0000 0.9002
44 1.1288 0.4762 20.0000 0.1142
28 1.1768 0.5714 12.0000 0.9562
16 1.2979 0.0000 11.0000 0.9079
60 1.1117 0.5000 30.0000 0.1948
122 1.1301 0.4262 65.0000 0.6142
16 1.0754 0.7333 5.0000 0.7007
15 1.0341 0.5000 8.0000 0.6997
28 1.1689 0.6071 11.0000 0.9562
140 1.1409 0.6036 54.5000 0.4525
42 1.1743 0.4524 21.0000 0.6740
33 1.1542 0.8125 7.0000 0.6605
44 1.1730 0.3750 24.0000 0.7308
16 1.3222 0.1250 14.0000 1.0000
49 1.0386 0.8542 8.0000 0.8641
49 1.0668 0.7708 11.0000 0.7131
49 1.0786 0.9167 5.0000 0.8641
49 1.0660 0.7708 11.0000 0.7321
49 1.0666 0.8958 6.0000 0.8361
47 1.0685 0.7609 11.0000 0.8563
49 1.0905 0.7500 12.0000 0.8641
49 1.0575 0.7917 10.0000 0.8641
49 1.0692 0.7292 14.0000 0.8641
49 1.0708 0.8125 10.0000 0.8582
49 1.0572 0.8125 10.0000 0.8361
22 1.3085 0.4545 11.0000 0.7074
13 1.9076 0.1667 8.0000 1.0000
68 1.1861 0.4706 35.0000 0.8691
57 1.1900 0.4386 31.0000 0.7137
14 1.4791 0.5000 6.0000 0.2513
14 1.2175 0.5833 7.0000 0.7633
14 1.2183 0.5000 8.0000 0.2823
14 1.2742 0.6667 6.0000 0.2823
35 1.1178 0.4286 16.0000 0.2867
65 1.0968 0.6154 25.0000 0.9090
65 1.1383 0.5312 27.0000 0.8950
123 1.1605 0.4959 55.0000 0.5600
42 1.1497 0.6429 15.0000 0.9728
60 1.1517 0.4912 27.0000 0.7511
60 1.1207 0.5000 26.0000 0.6842
20 1.0390 0.7500 17.0000 0.2887
27 1.2324 0.2800 15.0000 0.6210
19 1.3451 0.2222 10.0000 0.3709
121 1.1723 0.4667 60.5000 0.4058
123 1.1527 0.4754 55.5000 0.5458
121 1.1463 0.4667 57.0000 0.4850
61 1.1465 0.5517 26.0000 0.2886
60 1.1453 0.4912 28.0000 0.4997
59 1.2542 0.4237 31.0000 0.5790
60 1.1375 0.3860 32.0000 0.4734
61 1.1158 0.5690 26.0000 0.4856
60 1.1461 0.5439 24.0000 0.3698
44 1.2218 0.5909 18.0000 0.5110
21 1.2739 0.4000 11.5000 0.8509
22 1.3466 0.1500 12.0000 0.7018
92 1.1333 0.5543 36.0000 0.8525
91 1.1613 0.5495 37.5000 0.8381
67 1.1677 0.5522 25.0000 0.9393
63 1.1316 0.5645 27.0000 0.7408
44 1.0778 0.5909 18.0000 0.5437
140 1.1197 0.5714 60.0000 0.6916
139 1.0999 0.5108 65.0000 0.3796
67 1.1817 0.4925 30.0000 0.8785
67 1.1378 0.5152 30.0000 0.8170
65 1.1738 0.5312 26.0000 0.9002
36 1.2050 0.4000 20.0000 0.4558
61 1.2232 0.3934 33.0000 0.8035
11 1.4258 0.1818 9.0000 1.0000
136 1.1480 0.5185 60.0000 0.5940
15 2.1337 0.1538 10.0000 0.3570
13 2.2216 0.3846 8.0000 1.0000
12 2.4135 0.4545 7.0000 0.6983
11 1.8146 0.6667 5.0000 1.0000
11 1.5155 0.3181 7.5000 0.2667
128 1.1102 0.4414 63.5000 0.4980
69 1.1280 0.3971 29.0000 0.5965
927 1.0682 0.8439 142.0000 0.4565
201 1.1880 0.4826 92.0000 0.4575
1690 1.1803 0.5474 645.0000 0.0660
952 1.1565 0.4632 441.0000 0.2752
12 1.5223 0.7500 3.0000 0.7146
108 1.1482 0.7407 27.0000 0.6069
107 1.1265 0.7477 26.0000 0.4203
140 1.1362 0.5362 63.0000 0.6753
71 1.1720 0.6550 23.0000 0.9330
48 1.0720 0.8511 8.0000 0.8360
26 1.2988 0.1538 22.0000 0.9560
44 1.2479 0.4524 24.0000 0.8939
16 1.9349 0.2667 10.0000 1.0000
136 1.1290 0.6074 46.0000 0.7917
13 1.3275 0.5455 6.0000 0.6493
11 1.2214 0.0000 10.0000 1.0000
27 1.2067 0.7778 6.0000 0.0489
14 1.7510 0.1538 9.0000 1.0000
13 1.9569 0.3846 8.0000 1.0000
28 1.3908 0.2308 17.5000 0.9560
169 1.1173 0.5562 65.0000 0.1931
15 1.6681 0.0667 14.0000 1.0000
45 1.1694 0.4444 25.0000 1.0000
45 1.1841 0.4333 25.5000 1.0000
45 1.1469 0.0222 44.0000 1.0000
12 1.4790 0.3636 8.0000 0.4875
16 1.5917 0.6875 5.0000 0.6883
128 1.1803 0.5234 56.0000 0.5088
20 1.0912 0.5789 9.0000 0.3716
34 1.4363 0.4118 18.0000 0.7053
35 1.2649 0.4143 18.5000 0.7967
67 1.1370 0.5522 26.5000 0.5346
89 1.1277 0.6404 30.0000 0.7666
67 1.1491 0.6418 24.0000 0.8691
64 1.1715 0.4531 28.5000 0.8634
66 1.1528 0.4697 34.0000 0.9188
12 1.9053 0.0000 11.5000 1.0000
100 1.1773 0.4700 45.0000 0.8009
11 1.1790 0.8182 2.0000 0.4749
43 1.1366 0.4524 23.0000 0.5446
20 1.2717 0.1000 14.0000 0.8921
80 1.0663 0.8438 12.5000 0.6933
36 1.1320 0.6389 13.0000 0.9244
42 1.1936 0.5714 18.0000 0.4772
15 1.9865 0.2667 9.0000 1.0000
16 1.2950 0.2857 12.0000 0.6959
28 1.1903 0.1538 18.0000 0.9101
38 1.2348 0.6944 12.0000 0.9013
18 1.1259 0.5000 8.0000 0.9092
26 1.0445 0.8000 6.0000 0.3942
35 1.0852 0.7143 10.0000 0.6905
48 1.1629 0.4167 23.0000 0.8761
24 1.3910 0.2500 14.0000 0.8332
43 1.1457 0.7674 10.0000 0.7255
67 1.1679 0.5758 28.0000 0.8114
67 1.1339 0.5303 28.0000 0.5337
67 1.1433 0.5228 29.5000 0.5337
67 1.1455 0.5758 27.0000 0.5337
67 1.1826 0.5455 29.0000 0.5337
35 1.1202 0.6765 10.0000 0.8422
14 2.1224 0.3571 9.0000 1.0000
15 2.1544 0.3000 10.5000 1.0000
16 1.2107 0.5000 8.0000 0.9079
60 1.2140 0.4915 28.0000 0.5882
24 1.3437 0.5417 10.0000 0.8232
44 1.1718 0.6818 14.0000 0.7520
17 1.4728 0.3750 11.0000 0.8133
19 1.2446 0.4737 10.0000 0.3980
14 1.5296 0.3571 9.0000 0.1914
42 1.8897 0.2024 33.5000 1.0000
56 1.1354 0.5536 22.0000 0.8314
24 1.1486 0.4584 9.0000 0.9096
55 1.1399 0.5636 20.0000 0.8465
44 1.1518 0.7273 12.0000 0.8099
42 1.2488 0.4762 22.0000 0.8107
16 1.4768 0.2000 9.0000 1.0000
71 1.1511 0.4789 31.0000 0.9330
71 1.1635 0.6056 25.0000 0.9122
27 1.2182 0.8148 5.0000 1.0000
20 1.5048 0.6000 8.0000 0.6980
121 1.1208 0.4545 53.0000 0.7395
122 1.1955 0.4153 61.5000 0.5945
85 1.2280 0.5412 37.0000 0.6447
16 1.8106 0.3333 10.5000 0.3630
15 2.0277 0.2857 10.0000 1.0000
52 1.1673 0.7200 16.0000 0.5277
34 1.1431 0.5294 16.0000 1.0000
124 1.0706 0.9355 8.0000 0.6371
41 1.1395 0.7805 9.0000 0.1426
41 1.2498 0.7317 11.0000 0.8089
41 1.1859 0.5854 16.0000 0.7250
44 1.1677 0.5581 18.0000 0.8235
34 1.1047 0.7576 9.0000 0.7346
20 1.2284 0.6000 8.0000 0.8898
21 1.9781 0.0952 17.0000 1.0000
36 1.2184 0.4000 22.0000 0.8870
120 1.1355 0.5083 59.0000 0.4083
116 1.1028 0.5517 50.0000 0.7677
118 1.1045 0.5641 47.0000 0.6742
108 1.1109 0.5648 46.0000 0.7637
117 1.1018 0.4701 60.0000 0.7990
15 1.3109 0.3077 9.0000 0.8063
56 1.1738 0.3962 29.0000 0.3505
55 1.1887 0.4423 29.0000 0.1995
63 1.0884 0.7143 17.0000 0.6330
102 1.1668 0.4951 49.0000 0.5937
58 1.3125 0.3091 30.0000 0.8889
70 1.1181 0.5652 27.0000 0.7488
68 1.1082 0.6119 26.0000 0.4601
68 1.1540 0.5970 26.0000 0.7533
68 1.1027 0.5672 30.0000 0.3057
60 1.1139 0.8729 8.5000 0.3669
17 1.1288 0.7059 5.0000 0.8665
62 1.1737 0.5574 25.0000 0.4087
18 1.2987 0.4444 10.0000 0.8155
18 1.6010 0.3529 10.0000 0.6997
101 1.1194 0.5657 41.0000 0.5271
96 1.1374 0.6170 38.0000 0.3100
20 1.3527 0.2500 8.0000 0.4836
18 1.3121 0.2353 14.0000 0.8597
14 1.1073 0.6923 4.0000 0.6945
13 1.1632 0.6923 4.0000 0.3451
71 1.1290 0.4507 34.0000 0.7842
100 1.1394 0.4800 48.5000 0.8965
100 1.1250 0.5000 46.0000 0.8436
76 1.1077 0.7237 18.0000 0.6986
107 1.1139 0.5701 44.0000 0.9039
253 1.1614 0.6660 81.0000 0.0674
68 1.0451 0.9403 5.0000 0.4032
960 1.1099 0.5500 388.0000 0.3520
73 1.2115 0.5616 31.5000 0.8786
18 1.1825 0.6111 7.0000 0.7005
43 1.0680 0.5581 18.0000 0.8475
65 1.1580 0.5538 28.0000 0.5137
22 1.3858 0.2857 14.5000 0.8525
12 1.2701 0.2500 7.0000 0.1023
53 1.1157 0.4231 26.0000 0.2507
65 1.1941 0.5615 26.0000 0.7541
41 1.2068 0.3846 22.0000 0.8721
20 1.4675 0.4500 11.0000 0.8666
21 1.1476 0.5238 10.0000 0.9625
35 1.0886 0.7857 7.5000 0.4668
70 1.0820 0.0429 67.0000 1.0000
38 1.0989 0.6579 13.0000 0.2427
38 1.1993 0.6944 13.0000 0.5601
43 1.1262 0.7209 12.0000 0.8318
25 1.2950 0.4800 12.0000 0.8790
21 1.1652 0.7143 6.0000 0.9108
67 1.0952 0.8060 13.0000 0.1615
17 1.2137 0.2353 13.0000 0.4896
47 1.1786 0.4468 22.0000 0.4516
71 1.1118 0.5352 31.0000 0.7891
49 1.1600 0.3061 25.0000 0.8939
32 1.1391 0.3125 17.0000 0.9335
66 1.1725 0.5606 26.0000 0.7888
42 1.1149 0.5366 20.0000 0.9343
13 1.3803 0.6154 5.0000 1.0000
144 1.0871 0.7569 34.0000 0.3292
95 1.1361 0.6000 37.0000 0.7861
15 1.1666 0.4000 9.0000 0.8903
17 1.2143 0.7059 5.0000 0.9096
39 1.2569 0.3421 21.0000 0.4985
19 1.2098 0.3158 12.0000 0.7838
31 1.2963 0.3333 16.0000 1.0000
68 1.2127 0.5441 30.0000 0.8359
1765 1.1759 0.6210 602.0000 0.1108
32 1.2058 0.5333 14.0000 0.8354
242 1.2537 0.3471 125.0000 0.3392
84 1.1039 0.7738 19.0000 0.1177
21 1.2429 0.3810 11.0000 1.0000
22 1.3717 0.7143 6.0000 0.9237
23 1.1877 0.6957 7.0000 0.9240
69 1.1608 0.4566 33.5000 0.8360
23 1.2569 0.7273 7.0000 0.9239
34 1.1360 0.5588 15.0000 0.7074
35 1.1464 0.7353 10.0000 0.8422
16 1.2132 0.4000 9.0000 1.0000
15 1.1595 0.8667 2.0000 0.3721
42 1.2180 0.3500 23.5000 0.6738
39 1.3679 0.3333 22.5000 0.6134
1682 1.1987 0.5202 694.5000 0.2631
43 1.2862 0.3571 25.5000 0.5912
18 1.2973 0.4706 10.0000 0.6997
16 1.4396 0.3750 10.0000 0.6988
17 1.3205 0.4375 9.0000 0.6988
11 1.2888 0.2000 9.0000 1.0000
11 1.2250 0.3000 8.0000 1.0000
11 1.4429 0.1818 9.0000 1.0000
38 1.4708 0.3421 25.0000 0.7056
19 1.9632 0.3333 13.0000 1.0000
51 1.1864 0.5882 20.0000 0.4351
44 1.1778 0.6190 17.0000 0.7943
30 1.1329 0.3333 19.0000 0.9068
51 1.0975 0.8431 8.0000 0.7458
42 1.2612 0.8049 8.5000 0.9112
1657 1.0859 0.7698 365.0000 0.3478
41 1.2182 0.6098 14.5000 0.6828
42 1.1559 0.5595 18.0000 0.7224
28 1.2591 0.4643 10.5000 0.9860
52 1.3436 0.4423 27.0000 0.8884
369 1.1471 0.3577 196.0000 0.6906
341 1.1932 0.3460 193.0000 0.2761
14 1.5891 0.4615 7.0000 1.0000
21 1.4518 0.2381 16.0000 0.2159
1754 1.1739 0.6088 619.5000 0.0887
32 1.1351 0.7419 8.0000 0.2220
35 2.2081 0.2059 30.0000 1.0000
45 1.3739 0.0889 41.0000 0.4999
22 1.2686 0.5000 9.0000 0.9239
1515 1.0658 0.8383 227.0000 0.3075
99 1.0884 0.4242 49.0000 0.4708
94 1.1392 0.4301 51.0000 0.4018
100 1.1336 0.4747 44.0000 0.9299
100 1.1014 0.5200 47.0000 0.7550
92 1.1112 0.5435 38.0000 0.5605
14 1.4943 0.4167 6.0000 0.1446
11 1.7194 0.2727 6.0000 0.3358
15 1.0933 0.5385 7.0000 0.4821
29 1.2359 0.5357 13.0000 0.9246
95 1.0784 0.6809 31.0000 0.8439
28 1.2554 0.3571 18.0000 0.9234
26 1.2227 0.4000 14.0000 0.9519
237 1.1396 0.6540 70.5000 0.2108
233 1.1321 0.6652 65.0000 0.3264
67 1.2136 0.3806 33.5000 0.9329
62 1.2883 0.3387 33.5000 0.9778
26 1.1942 0.6923 6.5000 0.9115
16 1.6333 0.0625 15.0000 1.0000
12 1.3625 0.0833 11.0000 1.0000
25 1.1606 0.5600 9.0000 0.6881
55 1.1061 0.7273 14.0000 0.8460
55 1.1435 0.7273 14.0000 0.8760
54 1.1897 0.5926 21.5000 0.7858
1296 1.1560 0.4715 562.5000 0.2556
72 1.1753 0.6571 22.0000 0.8812
71 1.1451 0.6620 21.0000 0.1839
22 1.4575 0.5000 10.0000 0.9466
31 1.1326 0.6429 12.0000 0.8394
30 1.2344 0.6429 10.0000 0.8394
58 1.2237 0.1930 38.0000 0.8017
91 1.1308 0.6923 26.0000 0.6969
98 1.1030 0.5612 38.0000 0.8715
124 1.1381 0.5000 60.0000 0.6900
124 1.1361 0.4879 60.5000 0.5271
125 1.1244 0.5240 56.5000 0.5363
126 1.1360 0.5238 55.5000 0.2324
127 1.1602 0.4961 62.0000 0.1928
122 1.1376 0.5164 57.0000 0.1585
125 1.1122 0.4960 59.0000 0.1895
40 1.8414 0.3333 21.0000 0.7029
110 1.2169 0.4273 54.5000 0.6888
66 1.1884 0.1212 54.0000 0.6103
35 1.3428 0.5143 17.0000 0.8929
111 1.1457 0.4771 46.0000 0.9555
30 1.3611 0.5357 15.0000 0.9105
31 1.3748 0.1724 16.0000 0.9563
44 1.3749 0.3902 23.0000 0.8309
24 1.3314 0.4167 14.0000 0.9096
11 1.8979 0.6364 4.0000 0.7012
68 1.1328 0.5441 29.0000 0.9469
203 1.2565 0.4187 97.0000 0.3795
205 1.2216 0.3780 108.5000 0.6627
207 1.2596 0.3503 106.5000 0.4740
57 1.0657 0.7368 15.0000 0.1569
89 1.1231 0.5281 38.0000 0.7589
25 1.5656 0.0800 16.5000 1.0000
11 1.9823 0.2727 8.0000 0.2606
125 1.2329 0.5200 51.0000 0.4473
49 1.1695 0.4167 25.0000 0.7290
18 1.2960 0.3125 9.0000 0.3368
78 1.1198 0.5769 32.0000 0.3677
950 1.1066 0.5305 393.0000 0.3996
16 1.2065 0.6875 5.0000 1.0000
17 1.1513 0.6000 7.0000 0.8621
16 1.1374 0.7143 6.0000 0.3893
38 1.1887 0.7143 12.0000 0.9378
27 1.2980 0.2308 16.0000 0.8205
29 1.3020 0.3214 17.0000 1.0000
29 1.1441 0.8276 5.0000 0.5161
90 1.3817 0.2944 63.5000 0.5614
33 1.0741 0.7097 11.0000 0.8130
33 1.1197 0.7097 11.0000 0.6782
34 1.1200 0.6061 14.0000 0.6616
50 1.1251 0.3600 28.0000 0.3973
50 1.1904 0.4286 26.0000 0.7543
147 1.1361 0.5442 58.0000 0.6863
294 1.1444 0.4082 152.5000 0.4374
871 1.0419 0.9460 47.0000 0.3946
40 1.1182 0.4872 20.0000 0.8640
27 1.1139 0.6667 9.0000 0.7944
123 1.1429 0.5203 58.0000 0.2711
124 1.1453 0.5323 55.0000 0.1919
11 2.1267 0.1818 7.0000 1.0000
65 1.3069 0.3438 32.0000 0.5662
26 1.1240 0.6400 10.0000 0.9519
894 1.0451 0.8647 117.0000 0.4187
20 1.1226 0.6500 7.0000 0.7779
54 1.2902 0.4074 29.0000 0.9503
18 1.3102 0.5294 8.0000 0.3387
15 1.3674 0.5714 7.0000 0.4846
28 1.5368 0.1786 18.0000 1.0000
422 1.1524 0.4712 198.0000 0.1775
522 1.1454 0.5766 194.0000 0.0896
61 1.2378 0.4918 26.0000 0.4415
78 1.2447 0.3077 45.0000 0.7217
38 1.1596 0.5556 17.0000 0.9379
954 1.0972 0.5419 395.0000 0.2788
153 1.4086 0.3007 90.0000 0.2763
16 1.3580 0.5333 7.0000 1.0000
13 1.5198 0.3077 9.0000 1.0000
37 1.3169 0.6757 10.0000 0.9251
255 1.1544 0.6588 72.0000 0.3744
32 1.5570 0.2500 23.5000 0.4971
968 1.0273 0.9721 26.0000 0.4783
82 1.0936 0.6646 22.5000 0.3235
1447 1.3626 0.3855 708.0000 0.0199
32 1.6821 0.3125 20.0000 0.3139
36 1.3419 0.1111 32.0000 0.4395
28 1.3685 0.2857 18.0000 0.9234
331 1.2178 0.4441 162.0000 0.5022
330 1.2117 0.4561 159.0000 0.5159
116 1.1705 0.3448 60.0000 0.6887
1698 1.1522 0.5194 696.5000 0.2675
37 1.1951 0.4324 17.0000 0.2935
272 1.1229 0.7794 52.0000 0.6109
24 1.3615 0.4167 12.0000 0.8380
120 1.0891 0.6333 42.0000 0.9831
69 1.1996 0.5294 30.0000 0.8939
28 1.5131 0.2143 16.0000 0.9182
85 1.2271 0.4048 50.0000 0.9174
59 1.0976 0.5593 26.0000 0.2443
32 1.1478 0.4375 16.0000 0.8421
82 1.1666 0.6341 30.0000 0.3164
144 1.2081 0.4653 71.5000 0.6136
135 1.2233 0.4667 64.0000 0.7716
20 1.5887 0.5556 7.0000 0.1926
13 1.2364 0.9231 1.0000 0.4821
17 1.2640 0.1765 14.0000 0.6596
16 1.6509 0.2500 10.0000 0.3938
11 1.0327 0.8000 3.0000 0.4695
39 1.1026 0.5385 18.0000 0.9415
222 1.1426 0.4730 106.0000 0.6191
229 1.1477 0.5131 103.0000 0.4924
697 1.0883 0.8027 130.5000 0.2799
969 1.0259 0.9608 35.0000 0.4603
30 1.3028 0.1333 16.0000 0.9288
964 1.0336 0.9512 42.0000 0.3552
95 1.3558 0.3895 53.0000 0.8697
1716 1.1237 0.7567 392.0000 0.2297
1844 1.0947 0.7866 356.5000 0.2462
1840 1.0787 0.8269 292.0000 0.2603
1788 1.0908 0.8280 289.0000 0.2333
1709 1.1301 0.7806 350.0000 0.2760
1837 1.0926 0.8024 327.0000 0.2293
963 1.0400 0.9221 71.0000 0.4579
15 1.4172 0.1333 13.0000 0.8978
21 1.3407 0.4762 11.0000 0.4977
11 1.1610 0.4545 6.0000 0.8095
14 1.2592 0.5714 6.0000 0.3893
162 1.1595 0.5309 66.0000 0.4614
217 1.1082 0.5392 91.0000 0.4665
42 1.1383 0.1951 33.0000 0.9077
44 1.2931 0.4318 24.5000 0.9696
950 1.1231 0.5373 390.0000 0.3045
11 1.9319 0.5455 5.0000 1.0000
37 1.2784 0.4324 18.0000 0.3911
31 1.2901 0.4516 17.0000 1.0000
30 1.2957 0.4667 13.0000 1.0000
641 1.0825 0.8354 102.5000 0.4163
12 1.7569 0.2500 8.0000 0.4789
46 1.1122 0.8696 6.0000 0.9023
30 1.0632 0.9000 3.0000 0.9068
37 1.5118 0.4412 19.0000 0.8845
24 1.3255 0.3913 13.0000 0.8375
82 1.2560 0.3780 43.0000 0.5263
82 1.1564 0.6220 30.0000 0.2393
31 1.7147 0.3871 15.0000 0.7049
36 1.4974 0.3889 18.0000 0.8152
55 1.4106 0.2909 28.0000 0.6447
42 1.2269 0.5250 21.0000 0.9447
72 1.2323 0.5000 35.0000 0.5788
83 1.3128 0.5060 37.0000 0.4762
57 1.1645 0.3509 26.0000 0.5887
104 1.2822 0.4417 51.5000 0.7937
103 1.2441 0.3204 54.0000 0.5176
91 1.2771 0.2912 51.0000 0.5699
237 1.0921 0.7215 57.0000 0.6302
115 1.2033 0.4478 57.0000 0.5626
121 1.1724 0.4050 61.0000 0.8217
21 1.1222 0.7000 7.0000 0.9105
56 1.5494 0.4285 30.0000 0.2639
50 1.2292 0.5000 23.0000 0.7727
20 1.4238 0.3000 13.0000 0.8773
58 1.3043 0.3448 29.5000 0.5227
55 1.1089 0.6545 19.0000 0.8230
59 1.1567 0.5763 22.0000 0.8232
59 1.1439 0.6610 20.0000 0.8210
18 1.5279 0.5625 7.0000 0.3368
55 1.1685 0.4909 27.0000 0.3102
83 1.3043 0.5750 32.5000 0.8851
17 1.6532 0.3235 11.0000 0.7429
11 2.1877 0.0000 11.0000 1.0000
612 1.1245 0.7230 167.0000 0.3618
183 1.3548 0.3716 100.0000 0.0493
288 1.1450 0.4566 137.5000 0.4856
18 1.2664 0.5000 8.0000 0.7991
160 1.3559 0.3625 82.5000 0.3514
246 1.1242 0.5449 107.0000 0.5708
233 1.1345 0.5988 92.0000 0.5307
29 1.2238 0.2759 19.0000 0.8497
29 1.2359 0.4138 16.0000 0.9023
48 1.7792 0.1595 40.5000 1.0000
12 1.1570 0.3333 8.0000 0.4789
34 1.0689 0.7353 9.0000 0.7258
39 1.1157 0.7179 11.0000 0.7465
56 1.1367 0.6964 17.0000 0.7537
11 1.3610 0.1818 6.0000 1.0000
52 1.0853 0.5098 20.0000 0.6628
56 1.2306 0.4643 27.0000 0.2481
57 1.1488 0.6140 21.0000 0.8000
59 1.1361 0.6865 18.5000 0.7892
56 1.2035 0.5536 23.0000 0.4381
51 1.2169 0.5294 23.0000 0.7669
45 1.4890 0.2778 31.0000 0.4064
61 1.2986 0.3934 33.5000 0.9328
90 1.1402 0.5667 37.0000 0.8941
26 1.2365 0.5200 13.0000 0.9098
33 1.2130 0.4848 17.0000 0.8870
15 1.5242 0.0667 10.0000 0.3344
47 1.4229 0.2128 36.5000 0.7741
230 1.1539 0.4413 113.0000 0.4830
12 1.9840 0.3333 8.0000 1.0000
11 1.7267 0.2727 8.0000 1.0000
1433 1.0999 0.7330 348.5000 0.3483
1731 1.0985 0.7423 413.5000 0.2729
1568 1.1181 0.6946 456.5000 0.3006
1563 1.0993 0.6775 443.5000 0.2837
1602 1.1147 0.7107 417.0000 0.3387
56 1.3972 0.3182 29.0000 0.3981
80 1.1265 0.9000 8.0000 0.9744
76 1.1616 0.8158 14.0000 0.9730
104 1.1569 0.8077 18.0000 0.9804
120 1.2328 0.7542 30.0000 0.9825
56 1.2252 0.7963 13.0000 0.9802
16 1.1665 0.3750 10.0000 0.7030
16 1.2719 0.0625 15.0000 0.4882
94 1.3418 0.4627 50.0000 0.9572
19 1.2741 0.2941 14.0000 0.9225
30 1.0674 0.5862 13.0000 0.8145
28 1.1902 0.5769 11.0000 0.1925
47 1.2998 0.4255 23.0000 0.6330
69 1.0513 1.0000 0.0000 0.3022
39 1.3512 0.3077 23.0000 0.3382
49 1.1889 0.5918 18.0000 0.9302
50 1.1464 0.5400 22.0000 0.9302
148 1.1968 0.6318 49.0000 0.5993
12 1.8716 0.4167 7.0000 1.0000
29 1.6811 0.3333 18.0000 1.0000
33 1.2868 0.5312 15.0000 0.1967
1563 1.0815 0.7700 339.5000 0.3113
53 1.2306 0.2924 33.5000 0.7857
955 1.1096 0.5351 391.5000 0.3628
20 1.4343 0.4000 11.0000 0.7018
135 1.2137 0.6037 50.0000 0.6105
