67 1.0936 0.5821 27.0000 0.4850
68 1.1127 0.6912 19.0000 0.7420
33 1.1939 0.6667 11.0000 0.8480
72 1.0994 0.5775 24.0000 0.8025
73 1.1007 0.6250 22.0000 0.7102
73 1.1466 0.6250 25.0000 0.8838
64 1.1192 0.4921 29.0000 0.7033
61 1.1171 0.5167 27.0000 0.4520
61 1.1465 0.6066 22.0000 0.7279
75 1.0749 0.7067 20.0000 0.8045
80 1.1471 0.6883 23.0000 0.4679
65 1.1389 0.6250 20.0000 0.7875
23 1.9621 0.2727 16.5000 0.3727
74 1.1142 0.6389 21.0000 0.9288
62 1.1662 0.6774 20.0000 0.2302
42 1.1476 0.5476 16.0000 0.6440
22 1.1430 0.6000 8.0000 0.2347
14 1.0999 0.4167 8.0000 0.8106
24 1.2990 0.5652 10.0000 0.9410
63 1.1441 0.6667 20.0000 0.4338
69 1.1245 0.6667 21.0000 0.8881
74 1.1061 0.6081 26.0000 0.5936
75 1.1243 0.5811 31.0000 0.7910
75 1.1319 0.6486 26.0000 0.7636
74 1.0936 0.5946 30.0000 0.8693
195 1.1438 0.5282 78.0000 0.5260
27 1.4545 0.2963 13.0000 0.9116
229 1.1623 0.4978 100.0000 0.5970
72 1.1143 0.6806 21.0000 0.8940
13 1.2669 0.0769 8.0000 0.8889
78 1.0630 0.6538 21.0000 0.6314
75 1.1585 0.6400 26.0000 0.4646
74 1.1340 0.6351 26.0000 0.8202
75 1.0918 0.5867 30.0000 0.8888
72 1.1065 0.4583 35.0000 0.8001
74 1.0839 0.4459 35.0000 0.4449
71 1.1510 0.5211 33.0000 0.7506
70 1.1492 0.6000 28.0000 0.6462
74 1.1482 0.4865 34.0000 0.2142
64 1.1344 0.5439 27.0000 0.6636
75 1.1939 0.6466 26.0000 0.5308
71 1.1413 0.6197 27.0000 0.5081
71 1.1195 0.4929 35.5000 0.7551
71 1.1622 0.5070 35.0000 0.7535
14 1.2921 0.5000 7.0000 0.8078
53 1.1120 0.4902 20.0000 0.8372
72 1.1826 0.6667 24.0000 0.8549
135 1.2571 0.3371 75.0000 0.6157
132 1.2026 0.4341 67.0000 0.4288
76 1.1890 0.5132 31.0000 0.4470
71 1.1179 0.6515 24.0000 0.4698
81 1.1734 0.6053 27.0000 0.4359
72 1.1010 0.6119 29.0000 0.6826
67 1.1170 0.6000 23.0000 0.6170
65 1.1136 0.5246 29.0000 0.3683
56 1.0630 0.5714 22.0000 0.1048
71 1.0880 0.6761 23.0000 0.5582
238 1.2395 0.4622 107.5000 0.5987
11 1.4192 0.3333 8.0000 0.4622
12 1.7973 0.2500 9.0000 0.3234
75 1.1142 0.7067 19.0000 0.5678
14 1.1673 0.2308 6.0000 1.0000
109 1.1558 0.6422 37.0000 0.6280
108 1.1356 0.5833 41.0000 0.6205
72 1.1680 0.7083 20.0000 0.5734
76 1.1316 0.6513 23.5000 0.6996
69 1.1006 0.7971 12.0000 0.8884
38 1.1177 0.5526 16.0000 0.8013
71 1.1122 0.6338 25.0000 0.8738
77 1.1306 0.5909 27.5000 0.9331
11 1.6785 0.2000 8.0000 1.0000
74 1.1341 0.5405 31.5000 0.9110
78 1.1573 0.6667 26.0000 0.4574
72 1.1408 0.6806 22.0000 0.6867
16 1.9322 0.1429 12.5000 0.6962
172 1.1412 0.5058 74.0000 0.7873
173 1.1421 0.4913 78.0000 0.7910
69 1.1233 0.6522 23.0000 0.6117
68 1.1989 0.5956 27.5000 0.3867
107 1.1498 0.6355 37.0000 0.3825
110 1.1421 0.6545 32.0000 0.4606
74 1.0785 0.8108 14.0000 0.6341
69 1.1148 0.7246 19.0000 0.4841
62 1.1123 0.7213 18.0000 0.5809
75 1.0632 0.8000 15.0000 0.4009
3445 1.1240 0.7149 919.5000 0.1626
3876 1.2243 0.5107 1631.5000 0.1659
76 1.3552 0.4934 35.0000 0.1599
74 1.1035 0.7397 19.0000 0.9051
74 1.1820 0.4932 33.0000 0.7811
75 1.1070 0.6667 24.0000 0.6982
74 1.1641 0.3562 31.0000 0.5823
11 1.8528 0.2727 8.0000 1.0000
76 1.0853 0.5395 30.0000 0.7300
75 1.2405 0.4189 32.0000 0.1612
149 1.1985 0.5335 61.0000 0.6288
80 1.1836 0.5750 32.0000 0.5807
3216 1.0839 0.8359 486.5000 0.2025
71 1.1315 0.6901 20.0000 0.5173
68 1.1122 0.5294 24.0000 0.5738
28 1.1009 0.8571 4.0000 0.6234
74 1.1023 0.6351 20.0000 0.6654
71 1.1611 0.6620 22.0000 0.2610
74 1.0648 0.6622 24.0000 0.8979
73 1.1246 0.6027 27.0000 0.5707
73 1.1358 0.6986 22.0000 0.6758
75 1.0673 0.7867 16.0000 0.8130
75 1.1013 0.7200 20.0000 0.9588
75 1.1010 0.5600 30.0000 0.8988
82 1.0748 0.8718 14.0000 0.3647
80 1.0629 0.8590 13.0000 0.4100
82 1.0891 0.7531 21.0000 0.4028
79 1.0832 0.8228 14.0000 0.6032
18 1.2393 0.5000 10.0000 0.9079
71 1.0977 0.8169 12.0000 0.4873
33 1.2153 0.5000 17.0000 0.6725
14 2.1731 0.3846 9.0000 1.0000
19 1.2864 0.2632 13.0000 0.3506
3773 1.2946 0.4690 1720.0000 0.2160
27 1.2763 0.3200 16.0000 0.7695
21 1.5204 0.3529 12.0000 0.5035
161 1.1662 0.4876 75.0000 0.7734
53 1.1456 0.6154 18.0000 0.7470
192 1.1515 0.5573 77.0000 0.7057
161 1.1767 0.4688 73.0000 0.4933
71 1.1106 0.6056 26.0000 0.8661
71 1.0955 0.6056 25.0000 0.7905
63 1.1344 0.7143 18.0000 0.9036
68 1.1349 0.5294 31.0000 0.7332
69 1.1144 0.4203 32.0000 0.7706
39 1.4762 0.3684 21.0000 0.6607
75 1.0920 0.7067 22.0000 0.3630
71 1.0873 0.7324 18.0000 0.6176
72 1.0974 0.6667 23.0000 0.9531
97 1.2173 0.6186 34.0000 0.5433
27 1.1317 0.5926 11.0000 0.4930
21 1.9515 0.2381 12.0000 0.7023
617 1.1954 0.4528 290.0000 0.6089
76 1.1271 0.6974 20.0000 0.9192
14 1.0768 0.5714 6.0000 0.7438
82 1.1999 0.5062 34.5000 0.3869
109 1.1225 0.7064 31.0000 0.6254
75 1.1239 0.6216 27.0000 0.2679
76 1.1872 0.5921 31.0000 0.8321
76 1.1569 0.6842 23.0000 0.4749
76 1.0837 0.7105 22.0000 0.2479
76 1.1205 0.6777 24.0000 0.4985
75 1.1050 0.7027 20.0000 0.4806
331 1.3104 0.3414 171.0000 0.4570
4455 1.2675 0.4990 1995.5000 0.1969
72 1.1509 0.7152 20.5000 0.4755
76 1.0848 0.7733 15.0000 0.4116
77 1.0871 0.7143 21.0000 0.5748
158 1.2759 0.5284 64.0000 0.0686
75 1.0867 0.6000 28.0000 0.7843
75 1.1318 0.5946 29.0000 0.3829
77 1.1747 0.7662 18.0000 0.8279
77 1.1332 0.5526 33.0000 0.4785
78 1.1608 0.3974 40.0000 0.2143
3273 1.1253 0.6441 1091.5000 0.1726
3305 1.0861 0.8017 620.0000 0.2041
76 1.1024 0.7733 16.5000 0.5549
3361 1.1056 0.7792 697.0000 0.2001
77 1.0809 0.7922 16.0000 0.2074
75 1.1480 0.3514 39.0000 0.4242
77 1.1878 0.5067 36.0000 0.5138
68 1.1012 0.8824 8.0000 0.4957
105 1.1620 0.6381 38.0000 0.4386
101 1.1390 0.5149 41.0000 0.6139
76 1.0900 0.6447 24.0000 0.9349
78 1.1574 0.7051 23.0000 0.4258
68 1.1104 0.7500 17.0000 0.5194
69 1.0630 0.8696 9.0000 0.4895
66 1.2290 0.5758 27.0000 0.7897
76 1.0681 0.8158 13.0000 0.4177
72 1.1217 0.7500 18.0000 0.5113
71 1.0993 0.8028 14.0000 0.4844
72 1.0919 0.6944 21.0000 0.7210
73 1.0469 0.7876 15.5000 0.4685
70 1.1526 0.5362 27.0000 0.3720
72 1.2420 0.5000 31.0000 0.4056
71 1.1750 0.4859 30.5000 0.7707
73 1.1324 0.4932 34.0000 0.2058
74 1.1762 0.5811 27.0000 0.5197
77 1.1695 0.4286 37.0000 0.5093
75 1.1555 0.5333 31.0000 0.7642
75 1.1741 0.5467 31.5000 0.7537
71 1.1969 0.6197 26.0000 0.3362
73 1.1025 0.8356 12.0000 0.4205
70 1.2592 0.5000 30.0000 0.3394
77 1.0956 0.8052 13.0000 0.8601
67 1.0343 0.9254 5.0000 0.8214
62 1.0580 0.7627 15.0000 0.4534
71 1.1149 0.5915 26.0000 0.9778
71 1.1351 0.5493 30.0000 0.4535
71 1.1154 0.5423 32.5000 0.9552
74 1.1468 0.6111 28.0000 0.5694
28 1.2400 0.6296 11.0000 0.8624
25 1.8994 0.1739 15.0000 0.7031
74 1.0873 0.7027 16.0000 0.6776
72 1.1976 0.5625 27.0000 0.4777
67 1.2194 0.4328 31.0000 0.4974
80 1.1012 0.5875 31.0000 0.1819
81 1.0996 0.6790 26.0000 0.4597
86 1.1046 0.5581 32.0000 0.9500
3250 1.0737 0.8243 538.5000 0.1898
72 1.0866 0.7291 19.0000 0.2262
65 1.1217 0.5538 23.0000 0.5700
81 1.2507 0.5309 34.0000 0.3567
63 1.1097 0.5714 24.0000 0.5515
64 1.1322 0.5234 26.0000 0.5783
12 1.3098 0.0833 11.0000 1.0000
12 1.3408 0.4545 7.0000 0.7610
73 1.1616 0.5890 28.0000 0.7423
76 1.1674 0.6667 25.0000 0.1544
73 1.1708 0.4652 34.0000 0.6662
72 1.2910 0.4722 35.5000 0.2769
73 1.1469 0.6111 27.0000 0.6029
71 1.2626 0.5070 34.0000 0.1237
75 1.3025 0.4133 40.0000 0.1651
72 1.0518 0.7917 15.0000 0.4994
73 1.2532 0.4861 30.0000 0.2676
17 1.3480 0.4706 8.0000 0.8597
83 1.1927 0.6111 30.5000 0.5292
81 1.2447 0.6358 29.5000 0.4843
630 1.4362 0.3097 327.0000 0.0769
3323 1.1029 0.7737 706.0000 0.1835
77 1.1607 0.5065 37.0000 0.4420
57 1.3869 0.5614 24.0000 0.5806
3249 1.0831 0.8084 587.5000 0.2095
76 1.1085 0.7867 17.0000 0.9093
76 1.0945 0.8289 13.0000 0.8966
68 1.0893 0.5441 30.0000 0.4735
66 1.1141 0.5303 30.0000 0.7486
70 1.1193 0.6143 26.0000 0.8829
70 1.2680 0.4571 34.0000 0.3303
72 1.1674 0.5278 33.5000 0.3251
71 1.0792 0.7887 15.0000 0.4844
70 1.2920 0.4500 36.5000 0.4717
71 1.2025 0.5915 28.5000 0.6917
72 1.1097 0.7887 16.0000 0.7422
72 1.1432 0.6528 23.0000 0.5822
73 1.0901 0.7260 19.0000 0.5611
70 1.1101 0.6143 26.0000 0.5260
3465 1.1383 0.7256 909.0000 0.2065
11 1.5531 0.3636 7.0000 0.6895
71 1.0783 0.8239 12.5000 0.4791
3932 1.2572 0.4889 1722.5000 0.1339
72 1.1550 0.6250 26.0000 0.4606
18 1.2629 0.3750 9.0000 0.2680
28 1.1782 0.6429 10.0000 0.3620
3453 1.1148 0.7376 854.0000 0.2215
70 1.0988 0.7857 15.0000 0.7193
76 1.2186 0.5132 33.5000 0.3458
26 1.4354 0.4800 13.0000 1.0000
3236 1.0795 0.8032 610.0000 0.1647
3248 1.0739 0.8124 567.5000 0.1951
77 1.0843 0.6494 25.0000 0.6915
43 1.4549 0.3953 19.0000 0.6509
75 1.1216 0.5133 33.5000 0.9159
77 1.0757 0.8312 12.0000 0.3712
81 1.0485 0.9000 9.0000 0.4027
79 1.0583 0.9615 4.0000 0.5609
88 1.1953 0.5732 37.0000 0.7285
183 1.1343 0.6011 67.0000 0.6889
120 1.1386 0.5667 47.0000 0.8497
99 1.3095 0.4040 51.0000 0.5561
101 1.3267 0.4010 54.0000 0.4801
70 1.1247 0.5429 29.0000 0.4513
72 1.1202 0.6320 25.0000 0.7251
73 1.2351 0.6301 27.0000 0.4299
68 1.0805 0.7794 15.0000 0.5468
67 1.0864 0.8060 13.0000 0.5467
73 1.2657 0.6438 24.5000 0.4855
67 1.1238 0.7612 16.0000 0.2655
68 1.1124 0.7647 16.0000 0.8300
115 1.2394 0.5130 50.0000 0.1491
72 1.0914 0.6528 22.0000 0.6751
71 1.1063 0.7183 18.0000 0.6988
75 1.1575 0.6133 28.0000 0.8882
88 1.2139 0.5682 37.0000 0.5244
14 1.3916 0.3571 7.0000 1.0000
229 1.0802 0.8384 34.0000 0.6631
12 2.1161 0.1667 10.0000 0.6997
72 1.1436 0.6389 26.0000 0.8735
415 1.1663 0.5613 162.0000 0.6276
359 1.1737 0.5468 131.5000 0.5606
95 1.2081 0.6895 28.5000 0.8015
80 1.1219 0.6375 29.0000 0.2117
72 1.1327 0.5000 34.0000 0.6127
76 1.2142 0.6133 25.0000 0.4372
182 1.1346 0.5907 62.0000 0.6574
73 1.2250 0.6164 28.0000 0.7963
619 1.1431 0.7932 122.0000 0.3057
621 1.2169 0.4637 288.5000 0.4420
616 1.2223 0.4838 275.5000 0.5542
17 1.4246 0.2941 11.0000 0.5671
194 1.3325 0.3453 103.0000 0.2705
3745 1.2105 0.5347 1591.5000 0.1986
60 1.1083 0.5667 24.0000 0.8494
111 1.1253 0.6577 37.0000 0.4774
109 1.1367 0.6542 34.0000 0.5441
25 1.1911 0.3750 12.0000 0.7519
22 1.9889 0.2619 12.0000 0.4932
157 1.1354 0.6497 44.0000 0.2938
3814 1.2513 0.5151 1599.0000 0.1781
76 1.1132 0.5658 31.0000 0.6534
23 1.4544 0.5217 11.0000 0.7065
325 1.1738 0.5172 155.0000 0.7644
48 1.3441 0.6250 16.5000 0.5066
72 1.2540 0.4444 34.0000 0.6641
70 1.2204 0.5000 29.0000 0.5086
75 1.0643 0.8133 14.0000 0.4790
73 1.2020 0.4384 34.0000 0.4756
74 1.3129 0.4595 34.0000 0.5212
75 1.1468 0.5867 27.0000 0.8693
3769 1.2022 0.5526 1490.5000 0.2083
76 1.0820 0.6842 23.0000 0.8813
76 1.0734 0.5131 34.5000 0.5840
77 1.1343 0.6493 26.0000 0.8937
75 1.1452 0.5333 29.0000 0.7065
3786 1.2398 0.5033 1671.0000 0.1597
74 1.1196 0.6351 27.0000 0.8021
3493 1.1754 0.6926 1018.0000 0.2103
591 1.3037 0.3460 295.0000 0.2593
143 1.2222 0.6294 50.0000 0.2260
77 1.1717 0.6494 27.0000 0.6570
76 1.1663 0.5855 30.5000 0.8471
90 1.2143 0.5444 36.0000 0.3444
3873 1.2317 0.5285 1618.0000 0.2316
75 1.1020 0.5000 36.0000 0.9135
3823 1.2069 0.5489 1545.5000 0.2184
163 1.1372 0.6273 60.0000 0.6626
82 1.1765 0.5679 34.0000 0.6811
80 1.2263 0.5312 35.0000 0.6907
23 1.2416 0.3913 10.0000 0.3518
28 1.4039 0.3929 12.0000 0.7677
3589 1.1549 0.5987 1311.5000 0.2333
386 1.1082 0.7487 87.0000 0.5392
3539 1.1743 0.6184 1236.0000 0.1970
3538 1.1686 0.6032 1275.0000 0.1816
3541 1.1899 0.6005 1288.0000 0.2346
3130 1.0869 0.8296 486.0000 0.1898
115 1.2197 0.5434 47.0000 0.6620
829 1.1440 0.5048 361.5000 0.6571
818 1.1745 0.4725 375.5000 0.6707
14 1.4341 0.3636 7.0000 0.6895
3647 1.1493 0.5845 1379.0000 0.2026
80 1.1086 0.7000 20.0000 0.4769
308 1.0764 0.8149 56.0000 0.8420
3205 1.0814 0.8111 565.0000 0.1996
3358 1.1141 0.7761 706.5000 0.1490
3361 1.1025 0.7828 687.0000 0.1758
3359 1.1084 0.7853 670.0000 0.1598
76 1.1063 0.5263 35.0000 0.8615
13 1.6178 0.3846 7.5000 1.0000
98 1.1944 0.6684 29.5000 0.4687
77 1.2380 0.5844 30.0000 0.6587
76 1.1995 0.5395 33.0000 0.5404
73 1.1850 0.6438 26.0000 0.4534
74 1.1742 0.7397 19.5000 0.8209
3401 1.2012 0.6493 1103.5000 0.1921
75 1.2191 0.4067 35.5000 0.4148
76 1.1727 0.5658 30.0000 0.7041
76 1.1345 0.4934 35.0000 0.7012
74 1.1115 0.4730 32.0000 0.8946
76 1.1849 0.7237 21.0000 0.5958
75 1.1581 0.6267 27.0000 0.7162
76 1.1197 0.5789 32.0000 0.4738
70 1.0546 0.7500 19.0000 0.3120
75 1.0812 0.6933 23.0000 0.9349
319 1.4076 0.3354 169.5000 0.2550
76 1.1211 0.8421 12.0000 0.8362
334 1.4766 0.3159 173.0000 0.1247
77 1.1203 0.5584 29.0000 0.2270
363 1.4082 0.3388 188.0000 0.1132
76 1.1311 0.4868 30.0000 0.2213
71 1.1495 0.7000 18.0000 0.5291
73 1.1625 0.5753 28.0000 0.1499
68 1.1973 0.6119 22.0000 0.2500
3320 1.1159 0.7708 716.5000 0.1658
3302 1.1092 0.7695 720.5000 0.1617
3851 1.2239 0.5674 1513.5000 0.2177
76 1.1254 0.5000 37.0000 0.5592
75 1.1306 0.6800 24.0000 0.5033
75 1.0826 0.7067 22.0000 0.9068
76 1.1025 0.5263 33.0000 0.7709
63 1.0721 0.8254 11.0000 0.6486
3303 1.0995 0.7772 696.0000 0.1853
146 1.2668 0.3187 87.0000 0.5470
64 1.1534 0.6349 23.0000 0.2089
3754 1.1610 0.5842 1428.0000 0.2026
76 1.1055 0.5067 32.0000 0.2738
76 1.1129 0.5000 35.0000 0.6944
3769 1.2069 0.5474 1518.0000 0.1856
71 1.1734 0.6197 27.0000 0.6399
458 1.1011 0.8450 70.0000 0.3809
58 1.0518 0.8276 9.0000 0.2727
3694 1.1452 0.5987 1357.5000 0.2079
76 1.0810 0.5921 30.0000 0.3979
66 1.1068 0.5606 23.0000 0.9082
70 1.1256 0.5942 26.0000 0.4949
68 1.1199 0.6029 26.0000 0.9298
20 1.3197 0.3500 13.0000 0.8698
160 1.1370 0.5781 62.5000 0.6755
77 1.1127 0.6053 25.0000 0.2493
165 1.1934 0.6182 62.0000 0.7565
76 1.1397 0.7000 21.0000 0.8850
77 1.1315 0.6494 24.0000 0.7859
98 1.1817 0.4898 45.0000 0.6543
76 1.1385 0.6267 26.0000 0.3025
3426 1.1267 0.7091 930.0000 0.2064
14 1.2533 0.3333 8.0000 0.6969
81 1.1900 0.5802 33.0000 0.8444
20 1.5971 0.2632 15.0000 0.3417
76 1.0877 0.6667 22.0000 0.8096
76 1.1317 0.6184 29.0000 0.4352
75 1.1324 0.6133 29.0000 0.7679
73 1.1485 0.6986 20.0000 0.7416
111 1.1308 0.6126 42.0000 0.4328
109 1.0908 0.5229 49.0000 0.3435
76 1.0909 0.6053 30.0000 0.8771
3428 1.1098 0.7672 755.0000 0.1970
402 1.0633 0.9080 37.0000 0.5802
17 1.4314 0.2941 12.0000 0.6522
64 1.1518 0.5938 21.0000 0.3358
3542 1.1932 0.5946 1307.5000 0.1602
71 1.0981 0.7465 18.0000 0.5346
3271 1.1123 0.7649 708.5000 0.1883
73 1.1643 0.4521 34.5000 0.9083
58 1.1311 0.3793 28.0000 0.5951
3800 1.1675 0.5744 1462.0000 0.2213
3769 1.2010 0.5809 1434.0000 0.2311
67 1.1017 0.8955 7.0000 0.5199
69 1.1007 0.7101 20.0000 0.9299
3730 1.1566 0.5791 1437.5000 0.1744
74 1.1396 0.6081 27.0000 0.2298
3929 1.1917 0.5688 1540.0000 0.2189
74 1.1742 0.4730 35.5000 0.3805
70 1.1532 0.6377 21.0000 0.4736
20 1.1254 0.0000 19.0000 0.9404
13 1.4570 0.5385 6.0000 0.2731
3193 1.0833 0.8319 496.5000 0.1926
75 1.2117 0.3333 36.0000 0.6009
453 1.0524 0.8852 50.0000 0.4806
146 1.0603 0.7671 34.0000 0.5676
74 1.1298 0.5811 27.0000 0.6641
61 1.1572 0.5000 23.0000 0.8417
73 1.1502 0.4932 31.0000 0.4771
18 1.2824 0.3750 10.0000 0.4001
154 1.1355 0.5260 65.0000 0.3017
75 1.2067 0.5068 30.0000 0.3972
76 1.1084 0.6000 29.0000 0.2614
76 1.1550 0.5867 28.0000 0.3602
70 1.1204 0.6714 23.0000 0.8149
75 1.1354 0.6400 26.0000 0.4866
28 1.2820 0.0714 26.0000 1.0000
472 1.0500 0.9555 21.0000 0.0648
75 1.1421 0.6622 25.0000 0.8434
4076 1.2933 0.4674 1870.0000 0.1726
3981 1.2671 0.4808 1772.0000 0.2469
68 1.2926 0.4776 31.0000 0.5079
360 1.3786 0.3170 185.0000 0.1327
453 1.0383 0.9382 28.0000 0.3391
797 1.3705 0.3440 411.0000 0.1233
758 1.3053 0.3628 372.5000 0.2167
76 1.1332 0.5460 32.5000 0.8362
73 1.0857 0.4932 28.0000 0.9265
75 1.0806 0.6400 23.0000 0.9123
75 1.0901 0.6081 29.0000 0.8254
72 1.1406 0.7639 17.0000 0.4828
67 1.1322 0.6818 19.0000 0.7097
65 1.2807 0.6172 24.5000 0.5723
67 1.2204 0.5758 22.0000 0.3283
3319 1.0879 0.7762 706.0000 0.1944
76 1.1467 0.5867 30.0000 0.5562
77 1.0763 0.6883 22.0000 0.9349
76 1.1180 0.5526 31.0000 0.8451
75 1.1025 0.4800 30.5000 0.9399
465 1.0484 0.9183 38.0000 0.4189
3120 1.0909 0.8357 470.0000 0.1688
70 1.1051 0.7143 20.0000 0.4686
738 1.3596 0.3320 379.5000 0.2335
714 1.3281 0.3291 367.5000 0.1959
210 1.1165 0.7476 45.0000 0.5198
50 1.1774 0.6400 18.0000 0.8436
11 1.7310 0.3000 7.0000 1.0000
22 1.2096 0.4545 10.0000 0.6767
75 1.1210 0.6267 27.0000 0.9159
73 1.1099 0.6370 25.5000 0.4857
76 1.1202 0.7040 20.5000 0.9196
72 1.0962 0.6111 27.5000 0.4642
3730 1.2042 0.5713 1444.5000 0.2341
31 1.7832 0.5000 13.0000 1.0000
50 1.2205 0.5000 20.0000 0.3260
258 1.1873 0.4070 131.0000 0.8833
76 1.1848 0.6053 30.0000 0.7679
74 1.0975 0.6438 26.0000 0.5112
76 1.0564 0.7895 16.0000 0.8653
50 1.1373 0.4600 23.0000 0.4465
77 1.1395 0.6364 26.0000 0.2568
77 1.0977 0.7067 24.0000 0.8591
66 1.1171 0.5000 30.0000 0.6822
70 1.1377 0.7143 12.5000 0.7923
75 1.1083 0.5200 28.0000 0.4466
18 1.5243 0.2222 13.0000 1.0000
76 1.0935 0.8158 14.0000 0.8882
75 1.1298 0.5467 29.0000 0.8088
156 1.3226 0.3141 86.0000 0.4748
151 1.2474 0.2980 83.0000 0.5423
3781 1.2035 0.5306 1580.0000 0.2230
3780 1.2073 0.5378 1547.5000 0.1998
71 1.0705 0.6620 22.0000 0.4856
3692 1.1354 0.6074 1349.0000 0.2177
66 1.1288 0.6212 25.0000 0.9329
3254 1.0860 0.8152 567.5000 0.1673
3224 1.0974 0.7976 602.5000 0.1822
75 1.1155 0.6533 26.0000 0.9408
75 1.1039 0.7000 21.5000 0.4244
71 1.1243 0.6761 22.0000 0.9349
69 1.1477 0.7971 13.0000 0.4368
67 1.0608 0.6866 21.0000 0.8457
3273 1.0909 0.8048 590.0000 0.1291
74 1.0653 0.8243 13.0000 0.4665
73 1.1077 0.7808 16.0000 0.7716
77 1.1039 0.7792 17.0000 0.8255
74 1.1180 0.7838 16.0000 0.6821
16 2.2153 0.4375 8.0000 1.0000
20 1.2730 0.8333 5.0000 1.0000
71 1.1688 0.6197 24.0000 0.4700
77 1.0813 0.6234 27.0000 0.8003
75 1.0875 0.4324 27.0000 0.4226
3777 1.2031 0.5053 1638.5000 0.1583
74 1.1599 0.4931 35.0000 0.3853
74 1.1113 0.6014 27.5000 0.6039
77 1.1195 0.5844 28.0000 0.8598
77 1.0970 0.5325 33.0000 0.6818
60 1.2287 0.6333 22.0000 0.3956
3793 1.2271 0.5476 1552.5000 0.2447
76 1.9637 0.0000 75.0000 1.0000
74 1.1382 0.5000 34.0000 0.4853
73 1.1377 0.4658 36.0000 0.6999
3649 1.1597 0.5541 1436.0000 0.2148
2945 1.0642 0.8582 395.5000 0.1981
49 1.1901 0.2292 37.0000 0.2879
3168 1.0901 0.8336 486.5000 0.1910
3211 1.0936 0.8237 521.5000 0.1709
73 1.2261 0.4384 36.0000 0.3447
74 1.1195 0.5946 28.0000 0.8560
3348 1.0952 0.7670 745.5000 0.1979
70 1.1465 0.6143 24.0000 0.7101
33 1.2708 0.3939 18.5000 0.8746
48 1.2314 0.3333 24.0000 0.4743
3320 1.1079 0.7679 723.5000 0.1500
73 1.2074 0.4247 34.0000 0.3671
3334 1.1582 0.6617 1064.0000 0.2034
84 1.2149 0.4390 37.0000 0.2605
84 1.2949 0.5238 39.0000 0.4082
3479 1.1688 0.5975 1264.0000 0.1986
3413 1.1591 0.6136 1210.0000 0.1794
3392 1.1463 0.6223 1191.0000 0.1459
3402 1.1542 0.6461 1145.5000 0.1903
75 1.0952 0.6000 28.0000 0.8831
73 1.1097 0.6849 21.0000 0.4755
76 1.0957 0.8158 14.0000 0.3663
77 1.0997 0.7143 22.0000 0.7743
76 1.1204 0.5921 29.0000 0.7722
69 1.1317 0.6667 22.0000 0.4391
537 1.1677 0.5456 215.0000 0.4819
3365 1.1172 0.7438 809.0000 0.1672
64 1.1107 0.6406 21.0000 0.3193
68 1.2094 0.5588 28.0000 0.5088
76 1.2616 0.3816 42.0000 0.3618
73 1.0680 0.8356 12.0000 0.8693
70 1.1360 0.6429 25.0000 0.8633
70 1.1317 0.6429 22.0000 0.9039
71 1.1888 0.4577 32.0000 0.6313
3130 1.1164 0.6748 963.5000 0.1980
447 1.0855 0.8591 62.0000 0.3161
83 1.2398 0.5432 37.0000 0.8073
84 1.1777 0.5301 38.0000 0.4938
85 1.1990 0.5181 39.0000 0.2074
81 1.2003 0.5507 35.0000 0.2143
84 1.2016 0.4881 41.0000 0.5617
82 1.1978 0.4875 37.0000 0.4200
83 1.1883 0.4815 37.0000 0.7301
85 1.1959 0.4940 42.0000 0.1626
169 1.1458 0.6450 54.0000 0.4187
76 1.1503 0.5395 33.0000 0.3440
73 1.1796 0.5417 29.0000 0.2455
3767 1.1961 0.5903 1404.0000 0.2402
352 1.1156 0.7500 87.0000 0.3780
3281 1.0792 0.7682 717.0000 0.2034
76 1.1485 0.4533 36.0000 0.7810
3379 1.0923 0.7970 649.0000 0.1885
76 1.0891 0.8158 13.0000 0.4813
87 1.1653 0.6035 34.5000 0.4051
87 1.1677 0.6437 31.0000 0.1751
97 1.1593 0.5567 42.0000 0.5194
98 1.2056 0.6186 35.5000 0.5555
43 1.5298 0.2857 20.0000 0.3135
76 1.2200 0.5000 32.0000 0.5219
3805 1.2128 0.5786 1458.5000 0.2186
3703 1.1456 0.5737 1434.0000 0.2282
72 1.1038 0.7778 16.0000 0.4781
3548 1.1455 0.5968 1326.0000 0.2033
71 1.1253 0.5915 23.0000 0.7863
3596 1.1373 0.6066 1290.0000 0.2201
13 1.4798 0.1538 11.0000 1.0000
3092 1.0705 0.8485 431.0000 0.2077
3093 1.0700 0.8532 425.5000 0.1936
3090 1.0673 0.8543 419.0000 0.1930
73 1.1966 0.5753 28.0000 0.5008
68 1.4083 0.0735 63.0000 0.1486
78 1.1043 0.6364 26.0000 0.7506
61 1.1822 0.6066 23.0000 0.4508
42 1.5734 0.3659 24.0000 0.6424
72 1.1105 0.5278 29.0000 0.8421
70 1.1515 0.6429 24.0000 0.8518
3840 1.2206 0.5483 1539.5000 0.2435
13 1.4820 0.1538 9.0000 1.0000
23 2.0305 0.3571 16.5000 0.6962
64 1.0839 0.6562 20.0000 0.5287
3504 1.1682 0.6567 1083.5000 0.2440
3346 1.1008 0.7519 792.5000 0.1929
90 1.1991 0.6067 35.0000 0.7747
75 1.2799 0.4595 33.0000 0.4436
77 1.3043 0.5132 33.0000 0.4709
88 1.1927 0.5977 31.5000 0.6113
91 1.2254 0.6000 34.5000 0.7006
92 1.1686 0.5824 36.0000 0.5360
96 1.1922 0.5579 37.5000 0.5334
72 1.1371 0.7917 15.0000 0.1672
3794 1.2412 0.5543 1535.5000 0.1758
3762 1.1850 0.5505 1526.0000 0.1658
85 1.2260 0.5542 37.0000 0.5420
76 1.1758 0.5132 32.0000 0.4495
77 1.0942 0.6579 27.0000 0.8319
3406 1.1202 0.7424 828.0000 0.1809
62 1.1520 0.6557 21.0000 0.4269
76 1.1146 0.5000 31.0000 0.6673
3375 1.0900 0.7988 642.0000 0.1880
3334 1.1442 0.6726 1034.0000 0.2015
74 1.1249 0.5890 30.0000 0.7258
75 1.1118 0.6351 27.0000 0.9320
73 1.1472 0.6370 25.0000 0.4620
74 1.1334 0.5676 31.0000 0.4692
3374 1.0835 0.8125 602.0000 0.1845
73 1.1037 0.6389 25.0000 0.8115
76 1.1350 0.5867 29.0000 0.6499
75 1.1547 0.5067 33.0000 0.3059
70 1.1435 0.6429 24.5000 0.7297
71 1.1700 0.6620 23.0000 0.8881
109 1.2136 0.4404 47.0000 0.4166
73 1.1465 0.5833 30.0000 0.7056
73 1.2371 0.4658 36.0000 0.7072
73 1.1182 0.5616 28.0000 0.7258
75 1.1067 0.7467 19.0000 0.4740
3224 1.1111 0.6714 993.5000 0.2037
76 1.0810 0.7105 22.0000 0.9122
3706 1.1761 0.5823 1416.5000 0.2284
111 1.1467 0.4414 51.0000 0.2827
74 1.1458 0.7162 20.0000 0.7687
70 1.1200 0.5571 26.0000 0.5026
76 1.1121 0.4211 40.0000 0.4144
3457 1.1249 0.7408 842.0000 0.1961
3459 1.1181 0.7462 829.5000 0.2232
75 1.0939 0.5467 28.5000 0.8265
72 1.1119 0.6111 25.0000 0.7490
75 1.1788 0.4800 37.5000 0.4674
498 1.0488 0.9317 34.0000 0.5344
457 1.0397 0.9387 28.0000 0.5834
481 1.0351 0.9480 25.0000 0.2888
230 1.1576 0.7413 46.5000 0.2362
71 1.1293 0.6143 27.0000 0.4546
469 1.0621 0.8327 75.0000 0.3025
11 1.9188 0.5000 6.5000 1.0000
74 1.0999 0.8378 11.0000 0.7721
3013 1.0844 0.7935 589.5000 0.1364
3314 1.0938 0.7932 639.5000 0.1880
3309 1.0971 0.7858 651.5000 0.2117
102 1.2892 0.3578 51.0000 0.2718
101 1.2719 0.4257 47.0000 0.5310
61 1.1479 0.4016 34.0000 0.4633
75 1.1493 0.6081 27.0000 0.5607
66 1.0843 0.6515 21.0000 0.8181
72 1.0737 0.6528 25.0000 0.9426
77 1.3104 0.5325 34.0000 0.2305
185 1.1382 0.5297 82.0000 0.1997
77 1.3401 0.3421 39.0000 0.1801
98 1.2456 0.4694 47.0000 0.2196
72 1.1075 0.8611 10.0000 0.7136
75 1.0951 0.7733 17.0000 0.9296
159 1.2473 0.3082 84.0000 0.3700
102 1.3040 0.4020 52.0000 0.7490
692 1.3779 0.3526 357.5000 0.2976
11 1.9846 0.2273 5.5000 1.0000
81 1.1049 0.7250 22.0000 0.4238
3043 1.0540 0.9096 265.0000 0.2854
3184 1.0570 0.8879 331.0000 0.3262
3615 1.1701 0.5895 1354.0000 0.2288
3732 1.1827 0.5778 1444.5000 0.2164
3564 1.1662 0.5918 1327.5000 0.1778
3574 1.1576 0.5882 1332.0000 0.1854
3462 1.1582 0.6119 1223.5000 0.1855
19 1.6271 0.3684 11.0000 0.4958
67 1.2004 0.4925 31.0000 0.3768
74 1.1282 0.5135 35.0000 0.7910
3229 1.0850 0.7845 661.5000 0.2215
210 1.2064 0.5095 97.0000 0.3495
236 1.2572 0.5042 105.5000 0.6014
