24 1.3842 0.3636 11.0000 0.2339
29 1.1497 0.7500 8.0000 0.6632
55 1.3649 0.3636 35.0000 0.1976
28 1.2420 0.4231 15.0000 0.1169
19 1.3547 0.2353 11.0000 0.5251
33 1.2941 0.6250 13.0000 0.3480
26 1.3124 0.4167 12.0000 0.3930
247 1.2461 0.4899 108.0000 0.4392
44 1.3487 0.2045 30.0000 0.0744
44 1.6964 0.3182 29.0000 1.0000
37 1.1687 0.7027 11.0000 1.0000
26 1.3346 0.2500 15.0000 0.7090
37 1.1818 0.7568 9.0000 0.8117
97 1.1584 0.5938 39.0000 0.6571
27 1.0237 0.9231 3.0000 0.7769
18 1.4096 0.4062 10.5000 1.0000
24 1.3240 0.2917 15.0000 0.5327
27 1.0806 0.7308 7.0000 0.1088
27 1.0918 0.7308 7.0000 0.1088
20 1.5380 0.1667 10.0000 0.9324
24 1.2934 0.3636 14.0000 0.9466
35 1.2907 0.4848 17.0000 0.7960
25 1.4731 0.4348 12.5000 1.0000
25 1.3796 0.3913 12.0000 1.0000
27 1.3816 0.2400 17.0000 0.9471
16 1.1908 0.6000 7.0000 0.6238
15 1.2540 0.7333 4.0000 0.8289
155 1.1579 0.6129 58.0000 0.6277
21 1.0520 0.8500 3.0000 0.8638
20 1.1277 0.8750 6.0000 1.0000
247 1.1833 0.4715 114.5000 0.6401
237 1.2057 0.5275 98.5000 0.6787
242 1.2169 0.5144 104.5000 0.4708
14 1.2185 0.5000 7.0000 0.4789
15 1.3170 0.7500 6.0000 0.6308
46 1.1404 0.6591 17.0000 0.2634
44 1.1239 0.4773 20.0000 0.2979
24 1.3786 0.4167 14.0000 0.9096
24 1.2306 0.5909 9.0000 0.8313
12 2.2945 0.4167 7.0000 1.0000
58 1.3115 0.5000 21.0000 0.6071
304 1.2282 0.4116 148.0000 0.5517
15 1.1205 0.8000 3.0000 1.0000
27 1.2427 0.5385 11.0000 0.5110
16 1.2841 0.3125 10.0000 0.7919
17 1.1010 0.8750 3.0000 0.8908
12 1.4222 0.4545 7.0000 1.0000
12 1.3563 0.5000 6.0000 0.6969
22 1.2367 0.5000 10.0000 0.2347
94 1.1583 0.5745 36.0000 0.5301
99 1.3932 0.2806 66.0000 0.1198
13 1.8592 0.3846 8.0000 1.0000
17 1.4588 0.6875 6.0000 0.5658
36 1.0906 0.6857 11.0000 0.7429
43 1.1072 0.9302 3.0000 0.7649
23 1.2462 0.3913 11.0000 0.9468
18 1.8295 0.3235 11.5000 0.6977
19 1.2904 0.3529 10.0000 0.8597
65 1.1703 0.7231 17.0000 0.3262
14 1.2794 0.3333 7.0000 0.8106
96 1.1506 0.8594 13.5000 0.7328
22 1.5007 0.3636 11.0000 0.4083
16 1.7113 0.3571 9.0000 0.4846
94 1.1622 0.5160 40.0000 0.3795
95 1.1749 0.5851 39.0000 0.5273
40 1.3181 0.3947 21.5000 0.9415
24 1.1115 0.4545 13.0000 0.9466
12 1.6232 0.6000 6.0000 0.2189
26 1.3765 0.3200 11.0000 0.6335
20 1.2252 0.1579 10.0000 0.9401
16 1.2473 0.7857 5.0000 0.9079
38 1.3346 0.2895 19.0000 0.9415
29 1.0401 1.0000 0.0000 0.7837
27 1.0312 1.0000 0.0000 0.7309
52 1.1848 0.5769 19.0000 0.9007
12 2.0506 0.7000 5.0000 1.0000
25 1.4681 0.5455 11.0000 0.2095
14 1.2790 0.7500 4.0000 0.7633
94 1.1204 0.5585 36.0000 0.5208
94 1.1233 0.5851 35.0000 0.4802
16 1.2833 0.5625 7.0000 0.9220
15 2.1212 0.3333 8.0000 1.0000
11 2.5545 0.3000 7.0000 1.0000
46 1.1944 0.3696 23.0000 0.8298
62 1.1161 0.7377 16.0000 0.5289
11 1.6044 0.4545 5.0000 0.6895
94 1.1767 0.4894 39.0000 0.3687
94 1.1221 0.5319 36.0000 0.5962
90 1.2586 0.5834 34.0000 0.6013
93 1.1791 0.5870 37.0000 0.6925
96 1.1280 0.5789 39.0000 0.5227
95 1.1841 0.6064 32.0000 0.6896
16 1.5597 0.5714 7.0000 0.9079
69 1.2456 0.5942 25.5000 0.8284
22 1.6122 0.2273 13.0000 0.6176
91 1.2070 0.6703 27.0000 0.5615
91 1.2487 0.5495 37.0000 0.5408
90 1.2223 0.5667 37.0000 0.5454
20 1.0901 0.7500 5.0000 0.7845
94 1.3077 0.3837 42.0000 0.0361
41 1.3040 0.4250 24.0000 0.8987
347 1.2193 0.5234 152.0000 0.6506
19 1.5690 0.7059 7.0000 0.2704
64 1.1600 0.5938 24.0000 0.7872
64 1.2217 0.6094 24.0000 0.7292
23 1.3072 0.6522 8.0000 0.9419
36 1.3336 0.6029 14.5000 0.3665
91 1.2107 0.7088 26.5000 0.6499
91 1.2321 0.6593 30.5000 0.5929
126 1.1882 0.5645 53.0000 0.6731
15 1.3205 0.1538 11.0000 0.8063
50 1.1503 0.3542 25.0000 0.9030
32 1.6560 0.4194 17.0000 0.4044
20 1.1397 0.1111 2.0000 0.9211
13 2.2308 0.4167 7.0000 0.8461
32 1.3296 0.3667 19.0000 0.8773
24 1.4666 0.5000 11.0000 0.2374
28 1.0976 0.7778 7.0000 0.2852
94 1.1230 0.6170 34.0000 0.2712
94 1.1650 0.6383 32.0000 0.4808
12 1.2070 0.2727 8.0000 0.4749
20 2.2182 0.3750 12.0000 0.3990
84 1.1454 0.5893 29.5000 0.3347
102 1.2163 0.5882 41.0000 0.3453
24 1.2951 0.3636 12.0000 0.9466
14 2.1955 0.2500 10.5000 1.0000
16 1.5679 0.5000 8.0000 0.8377
76 1.1490 0.6184 27.0000 0.6367
20 2.0456 0.2000 10.0000 0.4925
21 2.2685 0.2381 13.0000 0.3999
20 2.1525 0.2250 15.0000 0.3236
119 1.2473 0.3305 62.0000 0.7525
83 1.2030 0.3976 42.0000 0.7310
96 1.1426 0.5833 38.5000 0.7167
20 1.1967 0.2632 11.0000 0.8403
27 1.1437 0.5926 11.0000 1.0000
65 1.2570 0.3846 38.0000 0.5265
32 1.3929 0.4000 16.0000 0.9625
13 2.5376 0.4167 6.0000 0.6911
14 2.2488 0.3077 9.0000 1.0000
15 1.6083 0.3333 9.0000 1.0000
17 2.0454 0.0588 16.0000 1.0000
97 1.1462 0.5464 43.0000 0.6760
38 1.1743 0.6053 13.0000 0.9654
46 1.2673 0.3750 26.0000 0.7987
47 1.2862 0.4468 24.0000 0.6814
46 1.2771 0.4783 21.0000 0.6813
48 1.3744 0.4167 23.0000 0.6261
40 1.1536 0.6154 16.0000 0.7838
68 1.2337 0.3824 36.0000 0.9214
20 1.7480 0.4000 12.0000 0.2347
20 2.1196 0.4500 9.5000 0.2755
11 2.4611 0.3000 8.0000 1.0000
17 1.6198 0.4118 10.0000 0.4948
185 1.2248 0.4865 87.5000 0.7230
185 1.2155 0.4541 90.0000 0.8846
98 1.3109 0.3505 53.5000 0.7839
89 1.2712 0.3810 44.5000 0.5867
59 1.6345 0.4211 28.0000 0.4899
13 1.2350 0.8182 4.0000 0.8585
61 1.5799 0.3279 31.0000 0.5862
261 1.2862 0.3563 135.0000 0.4295
67 1.0459 0.9552 3.0000 0.5355
103 1.2370 0.3922 50.5000 0.4000
65 1.0553 0.9375 5.0000 0.7354
70 1.1095 0.6429 25.0000 0.4902
190 1.4236 0.2632 108.0000 0.4824
12 2.3639 0.3750 7.5000 1.0000
67 1.1349 0.7463 17.0000 0.9169
67 1.1137 0.9091 6.0000 0.1556
68 1.1123 0.8284 11.5000 0.5844
29 1.2721 0.7931 6.0000 0.3059
55 1.6265 0.3659 26.0000 0.1518
68 1.1534 0.6716 22.0000 0.9264
32 1.2755 0.7097 8.0000 0.8139
31 1.3213 0.4667 14.0000 0.8548
34 1.2389 0.6176 13.0000 0.9794
36 1.2442 0.5278 13.0000 0.9575
30 1.3792 0.5333 12.0000 0.9025
31 1.1690 0.5806 12.0000 0.8550
28 1.3134 0.6786 9.0000 0.8129
31 1.2697 0.6774 10.0000 0.2868
26 1.2485 0.5769 11.0000 1.0000
78 1.1716 0.9615 3.0000 1.0000
83 1.2336 0.5181 39.0000 0.7184
91 1.1523 0.6374 33.0000 0.3665
44 1.2850 0.2500 31.0000 0.8881
13 1.2927 0.5769 5.5000 0.4911
14 2.1511 0.3750 8.5000 1.0000
73 1.2104 0.4795 28.5000 0.7191
66 1.1474 0.5758 27.0000 0.5417
257 1.2570 0.4903 122.0000 0.4355
18 2.1491 0.1667 14.0000 1.0000
22 1.2184 0.4500 8.0000 0.8520
94 1.2368 0.5699 37.5000 0.3860
35 1.4825 0.5143 16.0000 0.4805
36 1.4547 0.5000 16.0000 0.5621
18 1.7294 0.2222 14.0000 0.7027
12 1.4339 0.5833 5.0000 0.3954
62 1.1757 0.5323 29.0000 0.2835
60 1.4751 0.3833 32.0000 0.5004
76 1.1775 0.5789 30.0000 0.8676
32 1.1028 0.0000 32.0000 1.0000
46 1.1972 0.5544 20.5000 0.2006
35 1.5982 0.4286 20.0000 0.7951
68 1.0508 0.8923 9.0000 0.2247
67 1.0489 0.9077 8.0000 0.2858
36 1.4200 0.3529 18.5000 0.9674
24 1.2296 0.8043 5.5000 0.9468
66 1.1848 0.7576 16.0000 0.3495
67 1.1413 0.8209 10.0000 0.7017
64 1.1335 0.6406 19.0000 0.6086
45 1.2811 0.3023 24.0000 0.9741
64 1.1569 0.6875 18.0000 0.4373
68 1.1620 0.6176 25.0000 0.3125
93 1.1345 0.5753 37.5000 0.3960
94 1.1468 0.6383 29.0000 0.7484
94 1.1535 0.5851 37.0000 0.5491
94 1.1422 0.6383 30.0000 0.4155
93 1.1454 0.6237 33.0000 0.3829
94 1.1303 0.6011 34.0000 0.6258
94 1.1498 0.6489 29.0000 0.5214
94 1.1450 0.5957 36.0000 0.4029
94 1.1502 0.5692 37.0000 0.4155
94 1.1277 0.6170 35.0000 0.6410
94 1.1287 0.6277 34.0000 0.7228
94 1.1032 0.6277 33.0000 0.2572
264 1.2950 0.4697 128.5000 0.5704
12 1.1558 0.7500 3.0000 0.6969
19 1.1208 0.8947 2.0000 0.2177
84 1.3338 0.3929 51.0000 0.9632
45 1.2987 0.2791 26.0000 0.8938
45 1.3289 0.3333 25.0000 0.9279
14 1.5865 0.4286 8.0000 1.0000
13 2.0777 0.4000 5.5000 1.0000
11 2.4377 0.0000 10.0000 1.0000
11 2.2754 0.0000 11.0000 1.0000
12 2.5536 0.0500 11.0000 1.0000
11 1.9813 0.0000 11.0000 1.0000
66 1.1504 0.6818 21.0000 0.4837
66 1.1502 0.7273 15.0000 0.6138
64 1.2161 0.6719 21.0000 0.2918
67 1.1207 0.5224 28.0000 0.4832
67 1.1672 0.5522 27.5000 0.4279
192 1.4162 0.3459 102.0000 0.5007
68 1.0963 0.8507 10.0000 0.2532
65 1.1399 0.6250 25.0000 0.3996
67 1.1052 0.5522 29.0000 0.5553
69 1.1170 0.5362 30.0000 0.7479
12 1.4752 0.5455 6.0000 1.0000
56 1.1683 0.5625 20.5000 0.8375
57 1.2976 0.6140 18.0000 0.8080
48 1.6507 0.3021 31.0000 0.6151
93 1.1111 0.6237 31.0000 0.8284
106 1.1762 0.5000 50.0000 0.6617
141 1.3155 0.3156 70.0000 0.8124
18 1.1254 0.7059 6.0000 0.6258
16 1.1749 0.8000 4.0000 0.7007
170 1.2551 0.3758 85.0000 0.7699
186 1.2203 0.4194 97.0000 0.2895
69 1.1871 0.3333 36.0000 0.7028
22 1.3654 0.3181 13.0000 0.9334
1385 1.1204 0.7217 362.0000 0.0714
910 1.1614 0.6692 274.0000 0.2005
90 1.2032 0.6517 31.0000 0.1756
20 1.2436 0.4000 8.0000 0.8898
71 1.1971 0.4225 38.0000 0.8532
52 1.3843 0.4808 23.0000 0.6059
71 1.2002 0.5775 28.5000 0.3551
15 1.2842 0.6154 7.0000 0.8063
515 1.0817 0.8534 72.0000 0.2118
59 1.5686 0.3793 32.5000 0.5859
186 1.2016 0.5000 89.0000 0.5231
17 1.3394 0.4375 9.0000 0.8251
72 1.2799 0.4098 38.0000 0.8735
112 1.2993 0.3393 60.5000 0.8040
11 2.1054 0.3500 7.5000 1.0000
65 1.0673 0.8769 7.0000 0.2858
66 1.0670 0.9091 6.0000 0.6789
93 1.1452 0.6183 35.5000 0.5051
102 1.1879 0.4902 44.0000 0.6197
2698 1.0909 0.6740 814.5000 0.1327
117 1.2576 0.3248 56.0000 0.8025
21 2.0984 0.3810 12.0000 0.3439
48 1.3657 0.5208 21.0000 0.9179
175 1.3386 0.4172 83.0000 0.4413
14 2.3659 0.2857 9.5000 1.0000
69 1.3352 0.4058 35.0000 0.6457
97 1.0862 0.7526 23.0000 0.1613
83 1.1734 0.3855 41.0000 0.7646
60 1.4475 0.3333 32.0000 0.3740
16 1.2783 0.0000 16.0000 0.1955
30 1.4656 0.3333 14.0000 0.9237
103 1.2606 0.3786 46.0000 0.8396
24 2.2782 0.2273 14.0000 0.2438
24 2.3420 0.1818 16.0000 0.4006
24 2.2155 0.2273 13.0000 0.4938
35 1.2615 0.4571 17.0000 0.9628
101 1.2147 0.4848 42.0000 0.5417
108 1.2282 0.4857 50.5000 0.5797
108 1.2147 0.4808 54.5000 0.6476
101 1.1820 0.4792 44.0000 0.6810
108 1.1875 0.5429 49.0000 0.4875
100 1.1521 0.6313 34.0000 0.5384
79 1.1530 0.6203 20.0000 0.8203
45 1.3017 0.2143 22.0000 0.9741
18 2.2112 0.2222 12.0000 1.0000
18 2.1170 0.2222 11.0000 1.0000
35 1.2216 0.3429 21.0000 0.7533
105 1.1977 0.5143 47.0000 0.6767
106 1.1789 0.5566 45.0000 0.4581
100 1.1739 0.6900 31.0000 0.3424
36 1.4337 0.2778 21.0000 0.4736
28 1.2144 0.7143 8.0000 0.5802
171 1.3020 0.3853 86.0000 0.7850
22 1.1483 0.6364 7.0000 0.9109
29 1.2647 0.5517 12.0000 0.5808
13 1.3762 0.5000 5.0000 0.8597
13 1.5260 0.3333 8.0000 0.8597
140 1.1855 0.7893 29.0000 0.7953
70 1.1790 0.5857 26.0000 0.4023
66 1.1511 0.7231 17.0000 0.8278
68 1.1575 0.6269 23.0000 0.4536
31 1.2569 0.4516 16.0000 0.9626
22 1.4913 0.1905 15.0000 0.8924
23 1.7081 0.3913 10.0000 0.9111
24 1.5980 0.3333 14.0000 1.0000
19 1.2056 0.5000 8.0000 0.2496
478 1.4051 0.5931 181.5000 0.2122
19 1.2391 0.1667 11.0000 0.8507
38 1.2898 0.3611 22.0000 0.9359
70 1.3011 0.5857 29.0000 0.9308
163 1.2504 0.4203 78.0000 0.2952
24 1.8186 0.3478 15.0000 0.7031
179 1.2732 0.4749 78.0000 0.6693
96 1.3849 0.4052 46.0000 0.7918
23 1.2137 0.9130 2.0000 0.9336
31 1.4834 0.5161 15.0000 0.7123
60 1.6294 0.4407 30.0000 0.4901
16 1.4631 0.3438 10.0000 0.9220
18 1.3844 0.2778 11.0000 0.9324
19 1.2554 0.3158 7.0000 0.8768
49 1.4247 0.4082 24.0000 0.8049
42 1.5092 0.4643 20.0000 0.7698
49 1.6564 0.3958 25.0000 0.6129
33 1.4360 0.3125 17.0000 0.8314
58 1.1235 0.7931 12.0000 0.3617
43 1.2800 0.5814 18.0000 0.9696
42 1.3392 0.4634 19.0000 0.8089
15 1.1995 0.9167 4.0000 0.4789
14 1.1739 0.3077 10.0000 0.8607
68 1.1143 0.6324 25.0000 0.7606
39 1.3038 0.5000 20.0000 0.8947
33 1.3662 0.7581 9.0000 0.8000
34 1.5295 0.3235 21.0000 0.9121
68 1.5470 0.2651 37.0000 0.2061
67 1.1418 0.6418 24.0000 0.8254
62 1.1928 0.5738 26.0000 0.2450
62 1.2229 0.5410 27.0000 0.6665
60 1.5732 0.3898 30.0000 0.6440
13 1.4886 0.0769 9.0000 1.0000
18 1.1531 0.6471 7.0000 0.2704
32 1.3066 0.3214 14.0000 0.2824
100 1.1950 0.5714 39.0000 0.6122
65 1.0671 0.8906 8.0000 0.2501
25 1.2201 0.4800 13.0000 0.6091
21 1.5879 0.2500 15.0000 1.0000
51 1.7588 0.4000 26.0000 0.7063
93 1.2335 0.3424 54.0000 0.8909
91 1.1863 0.3333 52.0000 0.9469
84 1.2658 0.3659 48.0000 0.8853
462 1.3966 0.4345 226.5000 0.2540
608 1.4204 0.4703 296.5000 0.3235
80 1.2481 0.3636 41.5000 0.6508
92 1.1953 0.2747 51.0000 0.9720
90 1.2675 0.3068 56.0000 0.9114
268 1.2788 0.4459 134.0000 0.7180
29 1.2569 0.5714 11.0000 0.3393
20 1.3750 0.3000 11.0000 1.0000
19 1.2234 0.5789 8.0000 0.9327
45 1.5833 0.2222 35.0000 0.3525
37 1.4843 0.2973 26.0000 0.7797
67 1.1062 0.8209 12.0000 0.7607
64 1.1023 0.7344 16.0000 0.7603
62 1.0877 0.8387 10.0000 0.2978
11 2.5012 0.3636 6.0000 1.0000
61 1.4277 0.2759 34.0000 0.4689
52 1.4409 0.3846 27.0000 0.6321
61 1.3283 0.1803 40.0000 0.3436
63 1.3021 0.2295 38.0000 0.9467
60 1.9655 0.2667 38.0000 0.3158
40 1.7098 0.3461 20.0000 0.3508
50 1.5033 0.3400 29.0000 0.7703
38 1.3324 0.4474 18.0000 0.6773
90 1.3479 0.4167 46.0000 0.6190
64 1.1830 0.4677 33.0000 0.2615
57 1.2231 0.5000 27.0000 0.2904
60 1.1808 0.5500 27.0000 0.2518
95 1.2336 0.4632 44.0000 0.4554
94 1.2912 0.3830 50.0000 0.8251
109 1.2143 0.5413 41.0000 0.8056
130 1.3116 0.4077 73.0000 0.7692
71 1.3428 0.3571 39.0000 0.8231
74 1.3472 0.3288 41.0000 0.8410
61 1.1538 0.7787 13.5000 0.6665
27 1.0412 0.9615 2.0000 0.6620
2834 1.0260 0.9771 62.0000 0.1736
110 1.2512 0.4046 58.0000 0.6999
698 1.1997 0.5244 291.0000 0.2396
68 1.3039 0.4853 34.0000 0.4663
66 1.0545 0.9697 2.0000 0.9233
73 1.1742 0.6986 21.0000 0.8335
65 1.2396 0.6154 23.0000 0.8008
17 2.0434 0.4118 10.0000 0.4948
604 1.4434 0.5207 252.0000 0.1803
470 1.4279 0.5489 186.0000 0.0883
69 1.1227 0.5652 22.0000 0.5676
34 1.1467 0.6912 10.5000 0.9420
178 1.2668 0.4463 79.5000 0.7057
34 1.4472 0.3529 20.0000 0.9674
51 1.4378 0.2549 29.0000 0.9672
66 1.2825 0.5379 29.0000 0.4389
38 1.3056 0.3947 21.0000 0.5031
123 1.2778 0.4634 59.5000 0.2198
68 1.1524 0.7132 19.5000 0.9519
94 1.1570 0.6277 32.0000 0.6076
24 1.2510 0.6667 7.0000 0.8528
24 1.2434 0.5833 10.0000 0.8297
44 1.6318 0.3256 25.0000 0.7060
44 1.2889 0.4545 22.0000 0.8939
24 1.3689 0.4545 13.0000 0.8187
16 1.5680 0.4286 10.0000 0.3114
17 1.6001 0.4667 9.0000 0.6976
58 1.2977 0.2759 30.0000 0.9786
62 1.0791 0.9355 2.0000 0.5223
49 1.3576 0.5612 20.0000 0.9146
48 1.2160 0.4167 22.0000 0.5494
43 1.3697 0.3256 28.0000 0.8412
392 1.1987 0.4655 180.0000 0.6186
143 1.5457 0.3112 79.5000 0.3853
44 1.2393 0.2381 24.0000 0.9476
43 1.4163 0.2559 30.0000 0.8990
31 1.3522 0.6774 10.0000 0.9145
139 1.2262 0.5827 54.0000 0.8202
142 1.2265 0.5563 54.0000 0.8488
41 1.3944 0.3659 23.0000 0.9123
39 1.3630 0.2821 24.0000 0.9123
13 1.3093 0.1538 11.0000 0.6985
37 1.5408 0.3784 19.0000 0.7189
125 1.2024 0.5161 52.0000 0.6337
65 1.2070 0.5231 30.0000 0.9091
215 1.2188 0.4558 99.0000 0.5295
177 1.2203 0.5000 81.0000 0.5349
14 1.1249 0.3077 7.0000 1.0000
67 1.1001 0.8806 8.0000 0.9644
11 2.0991 0.2000 8.5000 1.0000
66 1.1176 0.8939 7.0000 0.8396
68 1.1244 0.7353 16.0000 0.3821
2815 1.0340 0.9602 110.5000 0.2550
23 1.2449 0.6087 9.0000 0.3164
23 1.1757 0.5434 9.0000 0.2788
51 1.2378 0.6079 19.5000 0.6560
43 1.3489 0.4651 19.0000 0.8442
43 1.1477 0.6279 15.0000 0.5335
14 1.2938 0.0000 14.0000 0.9079
32 1.3564 0.6562 10.0000 0.8435
66 1.2971 0.4394 34.0000 0.5990
32 1.1630 0.8438 5.0000 0.8637
31 1.1431 0.7742 7.0000 0.8501
67 1.1223 0.6418 22.0000 0.9530
64 1.2460 0.4762 31.0000 0.3095
21 1.1654 0.5714 8.0000 1.0000
22 1.3387 0.5455 9.0000 0.9109
501 1.4040 0.4535 230.0000 0.3100
2563 1.1071 0.6477 852.0000 0.1265
2561 1.1066 0.6572 824.5000 0.1379
31 1.4346 0.4839 16.0000 0.3795
68 1.2984 0.4192 33.5000 0.5387
68 1.2377 0.3824 37.0000 0.3776
20 1.5936 0.1000 18.0000 0.7003
69 1.2079 0.6667 23.0000 0.7050
69 1.1403 0.5441 29.0000 0.4975
152 1.3257 0.5592 57.0000 0.3900
343 1.1917 0.4738 150.0000 0.4770
356 1.1732 0.4718 159.0000 0.5644
354 1.2090 0.5198 160.0000 0.3457
11 1.7975 0.2727 8.0000 1.0000
65 1.0536 0.9385 4.0000 0.2530
63 1.0791 0.8889 5.0000 0.7484
76 1.4022 0.3733 41.0000 0.6823
34 1.3178 0.6364 10.0000 0.9314
162 1.2121 0.4321 83.0000 0.4807
166 1.2320 0.4608 80.0000 0.5033
12 1.7661 0.6667 4.0000 0.6997
249 1.2363 0.4699 107.0000 0.5686
258 1.2859 0.4767 117.0000 0.4823
188 1.2704 0.4255 95.0000 0.4446
61 1.5001 0.3770 30.0000 0.4675
30 1.3464 0.2667 16.0000 0.9288
13 2.5304 0.2308 9.0000 1.0000
69 1.1612 0.4928 34.0000 0.9131
70 1.1142 0.5571 28.0000 0.9147
68 1.1503 0.4853 33.0000 0.8206
70 1.1685 0.5000 33.0000 0.5544
60 1.3893 0.3220 33.0000 0.4020
16 2.1822 0.3125 11.0000 0.3938
373 1.4941 0.3978 187.0000 0.3557
184 1.2889 0.4429 89.0000 0.5778
386 1.2490 0.4326 188.5000 0.4815
64 1.1259 0.7031 17.0000 0.4754
164 1.2171 0.4695 74.0000 0.3324
40 1.2744 0.4250 22.0000 0.8418
56 1.4791 0.4107 29.0000 0.6376
63 1.2670 0.2698 37.0000 0.9468
62 1.2496 0.4016 32.0000 0.9297
16 2.3175 0.0625 14.0000 1.0000
133 1.2641 0.4662 64.5000 0.6842
39 2.0750 0.3846 19.0000 0.3319
94 1.3021 0.4362 46.0000 0.6174
423 1.2313 0.4397 207.0000 0.4596
400 1.2085 0.4912 181.0000 0.5686
434 1.2291 0.4712 199.0000 0.5813
405 1.2418 0.4950 180.0000 0.6341
179 1.1808 0.4804 87.5000 0.4116
387 1.2119 0.4768 176.5000 0.6606
85 1.3362 0.4824 40.0000 0.5171
101 1.2647 0.4257 50.0000 0.1774
54 1.1901 0.4327 27.5000 0.7373
66 1.0883 0.7576 14.0000 0.8572
388 1.2138 0.4858 175.5000 0.7610
393 1.2233 0.5344 166.0000 0.5654
389 1.1926 0.5116 172.5000 0.6719
99 1.2418 0.3520 64.5000 0.1464
387 1.2004 0.5478 160.0000 0.5913
391 1.1738 0.5230 165.0000 0.6089
384 1.2148 0.4987 174.0000 0.7354
63 1.2094 0.3968 35.0000 0.9263
66 1.1427 0.5152 32.0000 0.8898
66 1.1566 0.4394 36.0000 0.8848
118 1.4549 0.3601 63.0000 0.5963
55 1.2654 0.3273 32.0000 0.8361
13 1.1046 0.7692 2.0000 0.1640
163 1.4744 0.3313 87.0000 0.3241
60 1.1265 0.5167 26.0000 0.7868
685 1.1824 0.5109 304.0000 0.2612
14 2.0683 0.2857 8.0000 1.0000
82 1.2880 0.4512 35.5000 0.4510
81 1.2691 0.5185 35.0000 0.5072
66 1.5593 0.3333 37.5000 0.5536
691 1.1875 0.5188 306.0000 0.2727
69 1.2382 0.3478 36.0000 0.5819
25 1.4141 0.3600 16.0000 1.0000
21 1.3452 0.3333 14.0000 0.9406
945 1.0769 0.8183 171.0000 0.6794
650 1.1490 0.7439 155.0000 0.3796
574 1.1589 0.7518 134.0000 0.4250
62 1.1451 0.7742 14.0000 0.2087
64 1.0813 0.8906 5.0000 0.6212
33 1.2486 0.7425 8.5000 0.7833
65 1.1393 0.7538 15.0000 0.4171
46 1.7418 0.5111 19.0000 0.2645
60 1.1862 0.6000 22.0000 0.8212
50 1.2485 0.5000 22.0000 0.9293
47 1.3224 0.5000 17.0000 0.9754
41 1.3265 0.3415 24.5000 0.9448
34 1.2155 0.7059 10.0000 0.8329
153 1.2289 0.3987 77.0000 0.7684
63 1.2738 0.3770 30.5000 0.9637
62 1.2605 0.1000 36.0000 0.9637
66 1.2111 0.5312 30.0000 0.9048
17 2.1776 0.1765 14.0000 1.0000
15 2.1308 0.4000 9.0000 1.0000
29 1.3843 0.3103 15.0000 1.0000
13 2.2663 0.0769 12.0000 1.0000
62 1.2644 0.5806 22.0000 0.2714
75 1.3560 0.5200 34.0000 0.3367
56 1.4109 0.3393 33.0000 0.1567
45 1.4375 0.4222 24.5000 0.7793
49 1.3895 0.4286 26.0000 0.7317
49 1.3829 0.3571 28.0000 0.7422
11 2.3683 0.1818 9.0000 1.0000
36 1.2415 0.8235 6.0000 0.9674
60 1.0667 0.8966 7.0000 0.9817
17 1.4103 0.4706 9.0000 0.6997
20 1.5509 0.4000 12.0000 0.7018
21 1.4095 0.5714 9.0000 0.4932
14 2.3532 0.4286 7.0000 1.0000
70 1.1450 0.8143 13.0000 0.4960
61 1.1457 0.3770 32.0000 0.9263
52 1.4057 0.2115 24.0000 0.9421
33 1.2551 0.3333 18.0000 0.9526
12 2.2562 0.3333 8.0000 0.6923
37 1.2921 0.6111 13.0000 0.6022
419 1.1853 0.4380 204.0000 0.5596
97 1.2928 0.2165 55.5000 0.9672
20 1.3171 0.2500 11.0000 0.8773
49 1.5645 0.2041 33.0000 0.7964
47 1.4413 0.3191 29.0000 0.9254
101 1.3784 0.2673 60.0000 0.4017
95 1.1888 0.5158 42.5000 0.7504
418 1.2089 0.4964 189.0000 0.4947
24 1.1699 0.6250 9.0000 0.8912
146 1.1941 0.5822 60.0000 0.6593
136 1.1802 0.5809 52.0000 0.7786
17 1.8282 0.3823 10.0000 1.0000
